8130.725 0.000
8133.445 916.375
8136.147 921.031
8138.832 926.563
8141.500 920.125
8144.151 919.290
8146.785 920.688
8149.402 935.344
8152.003 916.516
8154.586 931.188
8157.154 946.187
8159.704 949.438
8162.238 940.700
8164.756 949.312
8167.258 937.065
8169.743 942.688
8172.213 948.161
8174.666 956.531
8177.104 948.875
8179.525 942.125
8181.932 945.531
8184.322 958.125
8186.697 940.677
8189.056 934.406
8191.400 957.871
8193.729 948.500
8196.042 951.344
8198.341 941.531
8200.624 923.688
8202.893 943.484
8205.146 938.839
8207.385 951.903
8209.610 941.063
8211.819 945.613
8214.014 936.344
8216.195 959.938
8218.362 942.625
8220.514 959.161
8222.652 940.063
8224.776 963.516
8226.886 953.063
8228.982 959.594
8231.065 944.219
8233.133 960.933
8235.188 952.452
8237.230 954.516
8239.258 945.656
8241.273 963.156
8243.274 961.375
8245.262 962.935
8247.238 960.250
8249.200 962.033
8251.149 973.839
8253.085 961.906
8255.009 961.219
8256.920 974.969
8258.819 970.129
8260.705 967.500
8262.578 974.031
8264.440 955.188
8266.289 970.781
8268.126 969.355
8269.951 972.323
8271.764 966.000
8273.565 971.100
8275.354 966.844
8277.132 952.032
8278.898 964.469
8280.652 965.903
8282.396 982.063
8284.127 971.875
8285.848 965.467
8287.557 958.469
8289.255 963.000
8290.943 972.688
8292.619 981.400
8294.285 981.710
8295.940 967.594
8297.584 967.781
8299.217 971.094
8300.841 958.433
8302.453 974.065
8304.056 969.581
8305.648 971.813
8307.230 964.719
8308.803 971.156
8310.365 985.226
8311.917 978.750
8313.460 973.833
8314.993 976.313
8316.516 974.656
8318.030 977.250
8319.534 971.750
8321.030 976.781
8322.515 989.375
8323.992 994.355
8325.460 994.250
8326.918 976.194
8328.368 969.875
8329.809 980.774
8331.242 990.710
8332.665 999.767
8334.080 993.437
8335.487 994.406
8336.885 992.188
8338.275 1009.032
8339.657 1018.677
8341.031 1014.719
8342.397 998.903
8343.755 1014.069
8345.105 1010.563
8346.447 993.800
8347.781 1011.563
8349.108 993.813
8350.428 997.563
8351.740 1005.313
8353.045 1001.677
8354.342 999.034
8355.633 998.281
8356.916 980.645
8358.192 994.097
8359.462 1008.548
8360.725 1020.375
8361.981 1014.281
8363.230 1026.867
8364.473 1033.871
8365.710 1032.065
8366.940 1022.188
8368.164 1025.097
8369.381 1008.250
8370.593 1004.531
8371.799 1003.563
8372.998 997.355
8374.192 1004.156
8375.380 1006.100
8376.563 1005.290
8377.740 1016.533
8378.911 1018.645
8380.077 1022.906
8381.238 1030.194
8382.394 1020.656
8383.544 999.710
8384.689 1012.161
8385.830 1017.844
8386.965 1010.656
8388.096 1022.531
8389.222 1015.419
8390.344 1010.419
8391.461 1028.469
8392.574 1027.688
8393.682 1034.903
8394.786 1044.375
8395.886 1035.625
8396.981 1041.188
8398.073 1032.313
8399.161 1050.903
8400.245 1046.161
8401.326 1037.094
8402.402 1030.129
8403.476 1033.219
8404.545 1013.875
8405.612 1019.000
8406.675 1013.688
8407.735 1024.781
8408.791 1021.594
8409.845 1035.100
8410.896 1026.194
8411.944 1024.839
8412.989 1032.100
8414.032 1043.387
8415.072 1038.500
8416.109 1032.656
8417.144 1018.437
8418.177 1031.469
8419.207 1026.355
8420.236 1028.688
8421.262 1031.633
8422.286 1025.355
8423.309 1021.938
8424.329 1013.161
8425.348 1043.344
8426.366 1055.406
8427.381 1058.438
8428.396 1047.313
8429.409 1050.437
8430.420 1059.719
8431.431 1058.516
8432.440 1040.781
8433.449 1052.333
8434.456 1047.167
8435.463 1041.469
8436.469 1029.531
8437.474 1051.625
8438.479 1028.875
8439.483 1032.156
8440.487 1039.656
8441.490 1025.387
8442.494 1057.531
8443.497 1044.719
8444.500 1065.844
8445.503 1074.032
8446.506 1095.219
8447.510 1083.500
8448.514 1080.065
8449.518 1048.032
8450.522 1045.063
8451.528 1052.594
8452.534 1036.656
8453.540 1033.531
8454.548 1061.419
8455.556 1045.700
8456.566 1054.600
8457.576 1046.531
8458.588 1051.344
8459.601 1047.226
8460.615 1034.313
8461.631 1052.313
8462.648 1055.375
8463.667 1082.355
8464.687 1073.000
8465.710 1066.433
8466.734 1071.563
8467.760 1056.129
8468.789 1058.355
8469.819 1058.313
8470.852 1035.625
8471.887 1037.875
8472.924 1046.656
8473.964 1052.467
8475.007 1049.406
8476.052 1052.000
8477.100 1041.719
8478.150 1041.875
8479.204 1058.345
8480.261 1058.656
8481.320 1061.438
8482.383 1042.094
8483.450 1045.100
8484.519 1050.633
8485.593 1057.344
8486.669 1061.625
8487.749 1061.188
8488.834 1058.387
8489.921 1045.188
8491.013 1042.750
8492.109 1053.033
8493.208 1075.194
8494.312 1059.344
8495.421 1041.188
8496.533 1049.125
8497.650 1050.533
8498.771 1060.800
8499.897 1058.219
8501.028 1059.742
8502.164 1050.750
8503.304 1058.469
8504.449 1057.200
8505.600 1064.313
8506.755 1067.344
8507.916 1076.167
8509.082 1059.063
8510.253 1057.906
8511.430 1053.781
8512.612 1056.267
8513.800 1056.000
8514.994 1053.500
8516.193 1055.750
8517.399 1045.875
8518.610 1051.344
8519.828 1075.065
8521.052 1064.344
8522.282 1058.563
8523.518 1044.531
8524.761 1054.097
8526.010 1048.969
8527.266 1060.200
8528.528 1056.281
8529.798 1052.133
8531.074 1059.281
8532.357 1059.968
8533.648 1071.687
8534.945 1066.594
8536.250 1063.833
8537.561 1078.188
8538.881 1068.000
8540.208 1054.375
8541.542 1065.250
8542.884 1066.125
8544.234 1063.313
8545.591 1041.387
8546.957 1063.813
8548.331 1068.906
8549.712 1066.875
8551.102 1062.000
8552.500 1076.333
8553.907 1051.467
8555.322 1060.594
8556.745 1064.625
8558.177 1074.967
8559.618 1056.733
8561.067 1044.533
8562.526 1066.781
8563.993 1064.750
8565.470 1064.667
8566.956 1065.433
8568.450 1060.031
8569.955 1047.906
8571.468 1073.267
8572.991 1071.194
8574.524 1069.531
8576.067 1046.250
8577.619 1057.281
8579.181 1054.125
8580.753 1058.313
8582.335 1067.355
8583.927 1050.862
8585.529 1071.188
8587.142 1059.687
8588.765 1059.438
8590.398 1075.906
8592.042 1051.875
8593.696 1062.281
8595.362 1055.375
8597.038 1071.774
8598.725 1057.063
8600.423 1039.375
8602.132 1064.031
8603.852 1066.813
8605.584 1057.906
8607.327 1052.355
8609.081 1067.469
8610.847 1040.375
8612.624 1062.903
8614.413 1065.281
8616.214 1061.125
8618.027 1051.719
8619.851 1063.469
8621.688 1075.581
8623.537 1075.438
8625.398 1065.250
8627.271 1064.433
8629.157 1043.806
8631.055 1064.656
8632.966 1064.531
8634.889 1042.437
8636.825 1068.226
8638.774 1064.062
8640.736 1053.032
8642.711 1053.871
8644.699 1047.438
8646.700 1070.062
8648.715 1043.065
8650.742 1047.733
8652.784 1027.531
8654.838 1050.625
8656.907 1051.344
8658.989 1054.375
8661.085 1039.844
8663.194 1054.645
8665.318 301.594
8667.456 0.000
8669.608 0.000
8671.774 0.000
8673.954 0.000
8676.149 0.000
8678.358 0.000
8680.582 0.000
8682.821 0.000
8685.074 0.000
8687.342 0.000
8689.625 0.000
8691.923 0.000
8694.237 0.000
8696.565 0.000
8698.909 0.000
8701.268 0.000
8703.642 0.000
8706.032 0.000
8708.438 0.000
8710.859 0.000
8713.296 0.000
