8130.725 0.000
8133.445 13.581
8136.147 10.833
8138.832 12.871
8141.500 11.938
8144.151 13.313
8146.785 12.290
8149.402 13.719
8152.003 16.345
8154.586 14.531
8157.154 13.700
8159.704 15.313
8162.238 15.100
8164.756 16.563
8167.258 15.452
8169.743 15.452
8172.213 14.677
8174.666 13.625
8177.104 15.781
8179.525 15.500
8181.932 15.067
8184.322 15.813
8186.697 15.129
8189.056 15.594
8191.400 15.250
8193.729 16.156
8196.042 15.419
8198.341 15.563
8200.624 15.469
8202.893 17.000
8205.146 14.355
8207.385 15.533
8209.610 14.875
8211.819 15.750
8214.014 15.063
8216.195 14.774
8218.362 16.567
8220.514 15.903
8222.652 18.375
8224.776 15.097
8226.886 16.313
8228.982 15.156
8231.065 16.094
8233.133 16.633
8235.188 15.935
8237.230 16.906
8239.258 20.781
8241.273 20.065
8243.274 22.906
8245.262 24.133
8247.238 22.313
8249.200 23.094
8251.149 22.774
8253.085 22.500
8255.009 21.933
8256.920 23.567
8258.819 26.094
8260.705 24.258
8262.578 21.467
8264.440 20.406
8266.289 17.250
8268.126 19.094
8269.951 22.094
8271.764 25.871
8273.565 26.161
8275.354 27.710
8277.132 26.094
8278.898 23.194
8280.652 24.969
8282.396 18.281
8284.127 18.345
8285.848 16.500
8287.557 19.906
8289.255 16.645
8290.943 18.194
8292.619 20.581
8294.285 20.241
8295.940 20.290
8297.584 17.875
8299.217 16.563
8300.841 18.097
8302.453 16.656
8304.056 16.563
8305.648 16.967
8307.230 15.935
8308.803 16.063
8310.365 17.063
8311.917 15.129
8313.460 16.774
8314.993 17.156
8316.516 15.613
8318.030 16.000
8319.534 15.032
8321.030 16.844
8322.515 17.419
8323.992 16.594
8325.460 16.710
8326.918 17.645
8328.368 16.250
8329.809 17.094
8331.242 16.613
8332.665 16.406
8334.080 19.406
8335.487 24.375
8336.885 34.867
8338.275 39.387
8339.657 45.313
8341.031 43.677
8342.397 36.935
8343.755 31.531
8345.105 26.969
8346.447 24.813
8347.781 26.290
8349.108 29.000
8350.428 26.281
8351.740 23.906
8353.045 22.367
8354.342 20.313
8355.633 17.406
8356.916 17.844
8358.192 19.290
8359.462 22.844
8360.725 30.387
8361.981 38.968
8363.230 49.871
8364.473 55.969
8365.710 51.935
8366.940 44.313
8368.164 35.625
8369.381 23.333
8370.593 18.344
8371.799 17.625
8372.998 16.719
8374.192 17.313
8375.380 17.063
8376.563 16.645
8377.740 19.188
8378.911 20.281
8380.077 23.813
8381.238 22.194
8382.394 23.094
8383.544 21.226
8384.689 22.452
8385.830 19.313
8386.965 17.700
8388.096 19.906
8389.222 18.125
8390.344 18.344
8391.461 17.875
8392.574 19.281
8393.682 20.875
8394.786 24.344
8395.886 31.594
8396.981 34.438
8398.073 40.531
8399.161 40.500
8400.245 31.906
8401.326 27.062
8402.402 24.594
8403.476 20.194
8404.545 17.667
8405.612 16.094
8406.675 18.531
8407.735 16.194
8408.791 17.226
8409.845 18.906
8410.896 21.484
8411.944 23.094
8412.989 23.156
8414.032 26.355
8415.072 25.400
8416.109 26.258
8417.144 26.250
8418.177 21.437
8419.207 18.258
8420.236 19.516
8421.262 16.375
8422.286 17.906
8423.309 18.438
8424.329 21.750
8425.348 23.419
8426.366 27.516
8427.381 38.219
8428.396 43.033
8429.409 44.700
8430.420 43.125
8431.431 40.290
8432.440 34.500
8433.449 28.226
8434.456 23.344
8435.463 21.167
8436.469 17.844
8437.474 17.844
8438.479 20.129
8439.483 17.563
8440.487 20.161
8441.490 25.563
8442.494 37.100
8443.497 52.969
8444.500 64.344
8445.503 84.452
8446.506 84.094
8447.510 83.281
8448.514 66.813
8449.518 55.719
8450.522 42.750
8451.528 32.667
8452.534 30.688
8453.540 23.250
8454.548 24.781
8455.556 19.194
8456.566 19.188
8457.576 18.452
8458.588 17.935
8459.601 18.871
8460.615 20.968
8461.631 25.688
8462.648 29.813
8463.667 34.594
8464.687 34.161
8465.710 37.875
8466.734 32.594
8467.760 28.161
8468.789 23.656
8469.819 19.677
8470.852 19.452
8471.887 17.656
8472.924 19.323
8473.964 18.567
8475.007 19.563
8476.052 19.233
8477.100 17.938
8478.150 18.742
8479.204 19.806
8480.261 19.563
8481.320 19.000
8482.383 17.719
8483.450 17.613
8484.519 18.094
8485.593 17.625
8486.669 17.903
8487.749 17.531
8488.834 19.323
8489.921 20.938
8491.013 22.219
8492.109 22.258
8493.208 22.469
8494.312 23.129
8495.421 20.375
8496.533 19.063
8497.650 15.700
8498.771 18.219
8499.897 19.290
8501.028 18.813
8502.164 22.094
8503.304 28.094
8504.449 32.750
8505.600 28.387
8506.755 26.258
8507.916 24.719
8509.082 19.031
8510.253 20.906
8511.430 18.125
8512.612 15.700
8513.800 15.733
8514.994 17.969
8516.193 15.966
8517.399 18.438
8518.610 17.469
8519.828 18.484
8521.052 18.813
8522.282 20.613
8523.518 18.250
8524.761 17.750
8526.010 18.774
8527.266 17.688
8528.528 18.719
8529.798 15.938
8531.074 18.531
8532.357 19.065
8533.648 19.031
8534.945 18.806
8536.250 18.710
8537.561 17.226
8538.881 21.375
8540.208 17.710
8541.542 19.594
8542.884 18.467
8544.234 18.813
8545.591 17.406
8546.957 17.438
8548.331 17.063
8549.712 17.968
8551.102 18.935
8552.500 21.000
8553.907 22.062
8555.322 23.129
8556.745 20.438
8558.177 17.531
8559.618 19.063
8561.067 19.871
8562.526 17.219
8563.993 17.313
8565.470 17.933
8566.956 16.935
8568.450 17.633
8569.955 17.781
8571.468 19.563
8572.991 17.387
8574.524 18.875
8576.067 17.500
8577.619 18.406
8579.181 18.219
8580.753 16.938
8582.335 19.129
8583.927 17.375
8585.529 17.258
8587.142 19.031
8588.765 19.097
8590.398 17.200
8592.042 17.548
8593.696 18.000
8595.362 16.531
8597.038 19.688
8598.725 18.688
8600.423 17.633
8602.132 18.688
8603.852 19.250
8605.584 20.387
8607.327 18.400
8609.081 20.344
8610.847 21.258
8612.624 18.161
8614.413 17.375
8616.214 19.563
8618.027 20.438
8619.851 21.806
8621.688 21.935
8623.537 19.250
8625.398 21.063
8627.271 20.125
8629.157 18.567
8631.055 18.323
8632.966 19.774
8634.889 18.484
8636.825 17.839
8638.774 18.774
8640.736 20.065
8642.711 19.250
8644.699 17.906
8646.700 20.406
8648.715 20.581
8650.742 23.594
8652.784 23.594
8654.838 23.750
8656.907 23.839
8658.989 21.516
8661.085 21.452
8663.194 19.100
8665.318 4.531
8667.456 0.000
8669.608 0.000
8671.774 0.000
8673.954 0.000
8676.149 0.000
8678.358 0.000
8680.582 0.000
8682.821 0.000
8685.074 0.000
8687.342 0.000
8689.625 0.000
8691.923 0.000
8694.237 0.000
8696.565 0.000
8698.909 0.000
8701.268 0.000
8703.642 0.000
8706.032 0.000
8708.438 0.000
8710.859 0.000
8713.296 0.000
