8285.0	0
8286.107894736842	13.580645161290322
8287.215789473685	10.833333333333334
8288.323684210527	12.870967741935484
8289.431578947368	11.9375
8290.53947368421	13.3125
8291.647368421052	12.290322580645162
8292.755263157895	13.71875
8293.863157894737	16.344827586206897
8294.97105263158	14.53125
8296.078947368422	13.7
8297.186842105262	15.3125
8298.294736842105	15.1
8299.402631578947	16.5625
8300.51052631579	15.451612903225806
8301.618421052632	15.451612903225806
8302.726315789474	14.67741935483871
8303.834210526316	13.625
8304.942105263159	15.78125
8306.05	15.5
8307.157894736842	15.066666666666666
8308.265789473684	15.8125
8309.373684210526	15.129032258064516
8310.481578947369	15.59375
8311.589473684211	15.25
8312.697368421053	16.15625
8313.805263157894	15.419354838709678
8314.913157894736	15.5625
8316.021052631579	15.46875
8317.128947368421	17
8318.236842105263	14.35483870967742
8319.344736842106	15.533333333333333
8320.452631578948	14.875
8321.560526315789	15.75
8322.668421052631	15.0625
8323.776315789473	14.774193548387096
8324.884210526316	16.566666666666666
8325.992105263158	15.903225806451612
8327.1	18.375
8328.207894736843	15.096774193548388
8329.315789473685	16.3125
8330.423684210526	15.15625
8331.531578947368	16.09375
8332.63947368421	16.633333333333333
8333.747368421053	15.935483870967742
8334.855263157895	16.90625
8335.963157894737	20.78125
8337.07105263158	20.06451612903226
8338.17894736842	22.90625
8339.286842105263	24.133333333333333
8340.394736842105	22.3125
8341.502631578947	23.09375
8342.61052631579	22.774193548387096
8343.718421052632	22.5
8344.826315789474	21.933333333333334
8345.934210526315	23.566666666666666
8347.042105263157	26.09375
8348.15	24.258064516129032
8349.257894736842	21.466666666666665
8350.365789473684	20.40625
8351.473684210527	17.25
8352.581578947369	19.09375
8353.689473684211	22.09375
8354.797368421052	25.870967741935484
8355.905263157894	26.161290322580644
8357.013157894737	27.70967741935484
8358.121052631579	26.09375
8359.228947368421	23.193548387096776
8360.336842105264	24.96875
8361.444736842106	18.28125
8362.552631578947	18.344827586206897
8363.660526315789	16.5
8364.768421052631	19.90625
8365.876315789474	16.64516129032258
8366.984210526316	18.193548387096776
8368.092105263158	20.580645161290324
8369.2	20.24137931034483
8370.307894736841	20.29032258064516
8371.415789473684	17.875
8372.523684210526	16.5625
8373.631578947368	18.096774193548388
8374.73947368421	16.65625
8375.847368421053	16.5625
8376.955263157895	16.966666666666665
8378.063157894738	15.935483870967742
8379.171052631578	16.0625
8380.27894736842	17.0625
8381.386842105263	15.129032258064516
8382.494736842105	16.774193548387096
8383.602631578948	17.15625
8384.71052631579	15.612903225806452
8385.818421052632	16
8386.926315789473	15.03225806451613
8388.034210526315	16.84375
8389.142105263158	17.419354838709676
8390.25	16.59375
8391.357894736842	16.70967741935484
8392.465789473685	17.64516129032258
8393.573684210527	16.25
8394.681578947368	17.09375
8395.78947368421	16.612903225806452
8396.897368421052	16.40625
8398.005263157895	19.40625
8399.113157894737	24.375
8400.22105263158	34.86666666666667
8401.328947368422	39.38709677419355
8402.436842105262	45.3125
8403.544736842105	43.67741935483871
8404.652631578947	36.935483870967744
8405.76052631579	31.53125
8406.868421052632	26.96875
8407.976315789474	24.8125
8409.084210526316	26.29032258064516
8410.192105263159	29
8411.3	26.28125
8412.407894736842	23.90625
8413.515789473684	22.366666666666667
8414.623684210526	20.3125
8415.731578947369	17.40625
8416.839473684211	17.84375
8417.947368421053	19.29032258064516
8419.055263157894	22.84375
8420.163157894736	30.387096774193548
8421.271052631579	38.96774193548387
8422.378947368421	49.87096774193548
8423.486842105263	55.96875
8424.594736842106	51.935483870967744
8425.702631578948	44.3125
8426.810526315789	35.625
8427.918421052631	23.333333333333332
8429.026315789473	18.34375
8430.134210526316	17.625
8431.242105263158	16.71875
8432.35	17.3125
8433.457894736843	17.0625
8434.565789473685	16.64516129032258
8435.673684210526	19.1875
8436.781578947368	20.28125
8437.88947368421	23.8125
8438.997368421053	22.193548387096776
8440.105263157895	23.09375
8441.213157894737	21.225806451612904
8442.32105263158	22.451612903225808
8443.42894736842	19.3125
8444.536842105263	17.7
8445.644736842105	19.90625
8446.752631578947	18.125
8447.86052631579	18.34375
8448.968421052632	17.875
8450.076315789474	19.28125
8451.184210526315	20.875
8452.292105263157	24.34375
8453.4	31.59375
8454.507894736842	34.4375
8455.615789473684	40.53125
8456.723684210527	40.5
8457.831578947369	31.90625
8458.939473684211	27.0625
8460.047368421052	24.59375
8461.155263157894	20.193548387096776
8462.263157894737	17.666666666666668
8463.371052631579	16.09375
8464.478947368421	18.53125
8465.586842105264	16.193548387096776
8466.694736842106	17.225806451612904
8467.802631578947	18.90625
8468.910526315789	21.483870967741936
8470.018421052631	23.09375
8471.126315789474	23.15625
8472.234210526316	26.35483870967742
8473.342105263158	25.4
8474.45	26.258064516129032
8475.557894736841	26.25
8476.665789473684	21.4375
8477.773684210526	18.258064516129032
8478.881578947368	19.516129032258064
8479.98947368421	16.375
8481.097368421053	17.90625
8482.205263157895	18.4375
8483.313157894736	21.75
8484.421052631578	23.419354838709676
8485.52894736842	27.516129032258064
8486.636842105263	38.21875
8487.744736842105	43.03333333333333
8488.852631578948	44.7
8489.96052631579	43.125
8491.068421052632	40.29032258064516
8492.176315789473	34.5
8493.284210526315	28.225806451612904
8494.392105263158	23.34375
8495.5	21.166666666666668
8496.607894736842	17.84375
8497.715789473685	17.84375
8498.823684210527	20.129032258064516
8499.931578947368	17.5625
8501.03947368421	20.161290322580644
8502.147368421052	25.5625
8503.255263157895	37.1
8504.363157894737	52.96875
8505.47105263158	64.34375
8506.578947368422	84.45161290322581
8507.686842105264	84.09375
8508.794736842105	83.28125
8509.902631578947	66.8125
8511.01052631579	55.71875
8512.118421052632	42.75
8513.226315789474	32.666666666666664
8514.334210526316	30.6875
8515.442105263159	23.25
8516.55	24.78125
8517.657894736842	19.193548387096776
8518.765789473684	19.1875
8519.873684210526	18.451612903225808
8520.981578947369	17.93548387096774
8522.089473684211	18.870967741935484
8523.197368421053	20.967741935483872
8524.305263157894	25.6875
8525.413157894736	29.8125
8526.521052631579	34.59375
8527.628947368421	34.16129032258065
8528.736842105263	37.875
8529.844736842106	32.59375
8530.952631578948	28.161290322580644
8532.060526315789	23.65625
8533.168421052631	19.677419354838708
8534.276315789473	19.451612903225808
8535.384210526316	17.65625
8536.492105263158	19.322580645161292
8537.6	18.566666666666666
8538.707894736843	19.5625
8539.815789473685	19.233333333333334
8540.923684210526	17.9375
8542.031578947368	18.741935483870968
8543.13947368421	19.806451612903224
8544.247368421053	19.5625
8545.355263157895	19
8546.463157894737	17.71875
8547.57105263158	17.612903225806452
8548.67894736842	18.09375
8549.786842105263	17.625
8550.894736842105	17.903225806451612
8552.002631578947	17.53125
8553.11052631579	19.322580645161292
8554.218421052632	20.9375
8555.326315789474	22.21875
8556.434210526315	22.258064516129032
8557.542105263157	22.46875
8558.65	23.129032258064516
8559.757894736842	20.375
8560.865789473684	19.0625
8561.973684210527	15.7
8563.081578947369	18.21875
8564.189473684211	19.29032258064516
8565.297368421052	18.8125
8566.405263157894	22.09375
8567.513157894737	28.09375
8568.621052631579	32.75
8569.728947368421	28.387096774193548
8570.836842105264	26.258064516129032
8571.944736842106	24.71875
8573.052631578947	19.03125
8574.160526315789	20.90625
8575.268421052631	18.125
8576.376315789474	15.7
8577.484210526316	15.733333333333333
8578.592105263158	17.96875
8579.7	15.96551724137931
8580.807894736841	18.4375
8581.915789473684	17.46875
8583.023684210526	18.483870967741936
8584.131578947368	18.8125
8585.23947368421	20.612903225806452
8586.347368421053	18.25
8587.455263157895	17.75
8588.563157894736	18.774193548387096
8589.671052631578	17.6875
8590.77894736842	18.71875
8591.886842105263	15.9375
8592.994736842105	18.53125
8594.102631578948	19.06451612903226
8595.21052631579	19.03125
8596.318421052632	18.806451612903224
8597.426315789473	18.70967741935484
8598.534210526315	17.225806451612904
8599.642105263158	21.375
8600.75	17.70967741935484
8601.857894736842	19.59375
8602.965789473685	18.466666666666665
8604.073684210527	18.8125
8605.181578947368	17.40625
8606.28947368421	17.4375
8607.397368421052	17.0625
8608.505263157895	17.967741935483872
8609.613157894737	18.93548387096774
8610.72105263158	21
8611.828947368422	22.0625
8612.936842105264	23.129032258064516
8614.044736842105	20.4375
8615.152631578947	17.53125
8616.26052631579	19.0625
8617.368421052632	19.870967741935484
8618.476315789474	17.21875
8619.584210526316	17.3125
8620.692105263159	17.933333333333334
8621.8	16.93548387096774
8622.907894736842	17.633333333333333
8624.015789473684	17.78125
8625.123684210526	19.5625
8626.231578947369	17.387096774193548
8627.339473684211	18.875
8628.447368421053	17.5
8629.555263157894	18.40625
8630.663157894736	18.21875
8631.771052631579	16.9375
8632.878947368421	19.129032258064516
8633.986842105263	17.375
8635.094736842106	17.258064516129032
8636.202631578948	19.03125
8637.310526315789	19.096774193548388
8638.418421052631	17.2
8639.526315789473	17.548387096774192
8640.634210526316	18
8641.742105263158	16.53125
8642.85	19.6875
8643.957894736843	18.6875
8645.065789473685	17.633333333333333
8646.173684210526	18.6875
8647.281578947368	19.25
8648.38947368421	20.387096774193548
8649.497368421053	18.4
8650.605263157895	20.34375
8651.713157894737	21.258064516129032
8652.82105263158	18.161290322580644
8653.92894736842	17.375
8655.036842105263	19.5625
8656.144736842105	20.4375
8657.252631578947	21.806451612903224
8658.36052631579	21.93548387096774
8659.468421052632	19.25
8660.576315789474	21.0625
8661.684210526315	20.125
8662.792105263157	18.566666666666666
8663.9	18.322580645161292
8665.007894736842	19.774193548387096
8666.115789473684	18.483870967741936
8667.223684210527	17.838709677419356
8668.331578947369	18.774193548387096
8669.439473684211	20.06451612903226
8670.547368421052	19.25
8671.655263157894	17.90625
8672.763157894737	20.40625
8673.871052631579	20.580645161290324
8674.978947368421	23.59375
8676.086842105264	23.59375
8677.194736842106	23.75
8678.302631578947	23.838709677419356
8679.410526315789	21.516129032258064
8680.518421052631	21.451612903225808
8681.626315789474	19.1
8682.734210526316	4.53125
8683.842105263158	0
8684.95	0
8686.057894736841	0
8687.165789473684	0
8688.273684210526	0
8689.381578947368	0
8690.48947368421	0
8691.597368421053	0
8692.705263157895	0
8693.813157894736	0
8694.921052631578	0
8696.02894736842	0
8697.136842105263	0
8698.244736842105	0
8699.352631578948	0
8700.46052631579	0
8701.568421052632	0
8702.676315789473	0
8703.784210526315	0
8704.892105263158	0
8706.0	0
