8126.375 0.000
8129.200 7.206
8132.006 7.212
8134.794 7.029
8137.563 6.706
8140.314 7.500
8143.046 6.970
8145.760 7.212
8148.457 6.912
8151.135 8.088
8153.795 6.412
8156.437 8.882
8159.062 7.091
8161.669 6.250
8164.259 7.424
8166.831 8.273
8169.386 6.871
8171.924 7.333
8174.444 6.545
8176.947 7.794
8179.434 7.788
8181.904 7.676
8184.356 8.735
8186.793 9.176
8189.212 7.853
8191.615 6.576
8194.002 7.424
8196.373 6.971
8198.727 6.000
8201.065 6.879
8203.388 7.091
8205.694 6.333
8207.985 6.063
8210.260 6.091
8212.519 7.394
8214.763 6.545
8216.991 6.406
8219.204 7.000
8221.402 6.516
8223.585 7.265
8225.752 6.606
8227.905 6.735
8230.043 6.588
8232.166 8.000
8234.275 8.813
8236.369 10.088
8238.448 13.735
8240.513 14.697
8242.564 20.000
8244.601 22.912
8246.624 22.206
8248.632 20.030
8250.627 17.788
8252.608 18.667
8254.576 20.324
8256.529 25.382
8258.470 24.697
8260.396 24.303
8262.310 19.500
8264.210 18.735
8266.097 13.941
8267.972 14.412
8269.833 16.118
8271.681 20.676
8273.517 27.188
8275.340 25.469
8277.151 26.000
8278.949 21.176
8280.735 16.824
8282.508 11.121
8284.269 8.000
8286.019 8.758
8287.756 8.848
8289.482 11.758
8291.195 13.294
8292.897 14.438
8294.588 13.765
8296.267 11.294
8297.934 12.029
8299.591 9.029
8301.236 6.588
8302.870 6.813
8304.493 7.406
8306.105 6.029
8307.706 8.588
8309.296 6.118
8310.876 7.424
8312.446 7.000
8314.005 6.824
8315.553 8.588
8317.092 6.879
8318.620 6.636
8320.138 7.909
8321.646 7.794
8323.145 7.206
8324.633 7.818
8326.112 8.971
8327.582 7.909
8329.042 7.387
8330.492 7.529
8331.934 8.824
8333.366 8.364
8334.789 13.706
8336.203 25.353
8337.608 35.559
8339.004 44.529
8340.392 53.394
8341.771 49.000
8343.141 36.882
8344.503 26.909
8345.857 19.618
8347.202 21.000
8348.540 18.235
8349.869 21.765
8351.191 24.588
8352.504 19.794
8353.810 15.182
8355.108 11.219
8356.399 10.000
8357.682 8.059
8358.958 10.353
8360.226 11.882
8361.488 14.441
8362.742 16.212
8363.989 18.882
8365.230 22.735
8366.463 21.706
8367.690 17.324
8368.911 10.485
8370.124 8.559
8371.332 7.176
8372.533 8.500
8373.728 7.848
8374.917 7.576
8376.100 9.235
8377.276 9.882
8378.447 11.441
8379.613 14.091
8380.772 16.471
8381.926 19.529
8383.075 18.606
8384.218 16.364
8385.356 14.088
8386.489 9.559
8387.617 9.656
8388.740 8.853
8389.858 7.000
8390.971 8.424
8392.080 6.281
8393.184 9.412
8394.283 10.606
8395.378 18.647
8396.469 29.971
8397.556 35.909
8398.638 42.824
8399.717 41.061
8400.791 33.412
8401.862 23.312
8402.929 12.688
8403.992 10.697
8405.052 7.559
8406.108 7.030
8407.161 8.118
8408.211 7.471
8409.258 8.030
8410.302 8.469
8411.342 12.647
8412.380 15.441
8413.415 16.618
8414.448 21.000
8415.477 23.000
8416.505 19.853
8417.530 16.212
8418.552 13.212
8419.573 10.030
8420.591 8.765
8421.608 8.882
8422.622 9.176
8423.635 8.455
8424.646 13.029
8425.655 21.176
8426.663 30.118
8427.669 33.636
8428.675 44.344
8429.678 44.971
8430.681 45.324
8431.683 41.853
8432.684 30.206
8433.683 19.242
8434.683 12.906
8435.681 10.576
8436.679 8.676
8437.677 9.088
8438.674 8.647
8439.670 7.000
8440.667 7.765
8441.664 7.676
8442.660 9.176
8443.657 12.029
8444.654 15.625
8445.651 17.061
8446.649 18.941
8447.647 18.324
8448.646 18.909
8449.645 19.676
8450.645 19.294
8451.646 19.906
8452.648 19.226
8453.651 17.176
8454.656 14.182
8455.661 10.727
8456.668 8.727
8457.676 8.182
8458.686 7.182
8459.698 9.529
8460.711 12.000
8461.726 19.788
8462.743 26.970
8463.762 38.273
8464.783 35.824
8465.807 39.152
8466.832 31.188
8467.860 24.303
8468.891 13.625
8469.924 11.765
8470.960 8.471
8471.999 9.059
8473.041 7.824
8474.085 8.441
8475.133 8.588
8476.184 8.788
8477.238 8.059
8478.295 6.912
8479.356 8.606
8480.421 6.000
8481.489 8.618
8482.561 8.794
8483.637 6.697
8484.717 6.500
8485.800 7.212
8486.888 7.727
8487.980 6.235
8489.077 9.273
8490.178 9.758
8491.283 13.118
8492.393 15.206
8493.508 15.441
8494.627 15.242
8495.752 12.576
8496.881 10.353
8498.016 9.182
8499.156 8.853
8500.301 9.265
8501.451 13.176
8502.607 17.182
8503.768 21.824
8504.935 22.848
8506.108 26.455
8507.287 20.424
8508.472 14.242
8509.662 11.281
8510.859 10.324
8512.063 7.906
8513.272 7.941
8514.488 8.147
8515.710 7.147
8516.939 8.088
8518.175 8.353
8519.418 9.647
8520.667 6.939
8521.924 7.735
8523.188 7.971
8524.458 8.818
8525.737 8.294
8527.022 8.382
8528.315 7.971
8529.616 8.242
8530.924 7.618
8532.240 7.156
8533.564 7.758
8534.896 7.576
8536.236 7.559
8537.584 8.794
8538.941 8.424
8540.305 8.706
8541.679 10.545
8543.060 11.088
8544.451 11.875
8545.850 10.212
8547.258 10.588
8548.675 10.030
8550.101 11.794
8551.536 11.353
8552.980 13.824
8554.433 15.353
8555.896 18.206
8557.369 15.029
8558.851 11.941
8560.343 10.471
8561.844 7.765
8563.356 7.529
8564.877 5.941
8566.409 7.382
8567.950 7.147
8569.502 7.909
8571.064 6.121
8572.637 6.939
8574.221 7.909
8575.814 8.176
8577.419 8.471
8579.035 8.147
8580.661 8.471
8582.299 8.882
8583.947 7.697
8585.607 7.281
8587.279 7.647
8588.961 7.647
8590.655 8.471
8592.361 8.121
8594.079 7.818
8595.808 8.647
8597.549 8.906
8599.302 6.667
8601.067 8.412
8602.845 6.909
8604.635 8.000
8606.437 8.909
8608.251 7.656
8610.078 10.152
8611.918 9.485
8613.771 8.818
8615.636 9.676
8617.514 8.500
8619.406 9.559
8621.310 10.265
8623.228 11.588
8625.159 11.152
8627.104 12.364
8629.062 11.882
8631.034 9.853
8633.019 8.971
8635.018 7.697
8637.032 7.647
8639.059 8.375
8641.100 8.529
8643.155 8.031
8645.225 7.500
8647.309 7.697
8649.408 9.273
8651.521 9.912
8653.649 10.529
8655.792 9.788
8657.949 12.273
8660.122 12.647
8662.309 13.594
8664.512 15.088
8666.730 13.088
8668.963 8.879
8671.212 10.353
8673.476 5.235
8675.756 0.000
8678.052 0.000
8680.363 0.000
8682.691 0.000
8685.034 0.000
8687.394 0.000
8689.770 0.000
8692.162 0.000
8694.570 0.000
8696.995 0.000
8699.437 0.000
8701.895 0.000
8704.370 0.000
8706.862 0.000
8709.371 0.000
8711.897 0.000
8714.440 0.000
8717.000 0.000
8719.578 0.000
8722.173 0.000
8724.786 0.000
