8126.375 0.000
8129.200 879.308
8132.006 880.667
8134.794 877.000
8137.563 872.359
8140.314 876.385
8143.046 871.385
8145.760 888.282
8148.457 873.513
8151.135 887.641
8153.795 889.308
8156.437 890.868
8159.062 872.447
8161.669 893.846
8164.259 885.487
8166.831 885.763
8169.386 874.763
8171.924 888.538
8174.444 893.974
8176.947 880.513
8179.434 890.385
8181.904 891.973
8184.356 874.474
8186.793 890.667
8189.212 890.342
8191.615 896.821
8194.002 884.795
8196.373 878.000
8198.727 884.459
8201.065 895.921
8203.388 881.838
8205.694 888.179
8207.985 894.474
8210.260 896.744
8212.519 893.897
8214.763 889.237
8216.991 898.846
8219.204 895.821
8221.402 879.027
8223.585 884.000
8225.752 902.079
8227.905 895.658
8230.043 892.189
8232.166 886.282
8234.275 901.816
8236.369 898.410
8238.448 905.667
8240.513 911.000
8242.564 914.795
8244.601 920.513
8246.624 905.757
8248.632 910.872
8250.627 916.333
8252.608 916.154
8254.576 927.538
8256.529 926.897
8258.470 934.436
8260.396 921.128
8262.310 906.308
8264.210 912.769
8266.097 922.763
8267.972 921.763
8269.833 912.974
8271.681 926.333
8273.517 939.103
8275.340 923.923
8277.151 928.615
8278.949 921.872
8280.735 919.949
8282.508 935.256
8284.269 910.077
8286.019 913.000
8287.756 923.231
8289.482 913.462
8291.195 920.568
8292.897 926.947
8294.588 929.385
8296.267 930.395
8297.934 912.949
8299.591 918.342
8301.236 909.053
8302.870 905.487
8304.493 913.222
8306.105 916.579
8307.706 922.658
8309.296 917.923
8310.876 928.231
8312.446 922.308
8314.005 925.974
8315.553 928.333
8317.092 927.282
8318.620 913.632
8320.138 923.949
8321.646 928.590
8323.145 932.692
8324.633 919.763
8326.112 933.132
8327.582 921.385
8329.042 932.395
8330.492 926.053
8331.934 922.385
8333.366 931.077
8334.789 931.205
8336.203 952.103
8337.608 953.308
8339.004 968.769
8340.392 983.410
8341.771 981.308
8343.141 961.368
8344.503 942.538
8345.857 948.923
8347.202 959.132
8348.540 944.789
8349.869 954.513
8351.191 945.154
8352.504 959.256
8353.810 948.385
8355.108 952.722
8356.399 941.949
8357.682 945.923
8358.958 929.000
8360.226 947.395
8361.488 959.718
8362.742 945.865
8363.989 959.378
8365.230 957.538
8366.463 967.368
8367.690 948.432
8368.911 953.211
8370.124 943.289
8371.332 946.974
8372.533 938.231
8373.728 954.632
8374.917 943.081
8376.100 949.410
8377.276 958.026
8378.447 952.051
8379.613 954.053
8380.772 954.842
8381.926 966.789
8383.075 965.421
8384.218 961.436
8385.356 961.154
8386.489 964.436
8387.617 966.282
8388.740 951.026
8389.858 951.737
8390.971 962.622
8392.080 964.513
8393.184 958.359
8394.283 957.289
8395.378 970.474
8396.469 979.842
8397.556 985.947
8398.638 994.821
8399.717 984.615
8400.791 977.590
8401.862 963.923
8402.929 972.447
8403.992 953.658
8405.052 956.462
8406.108 968.692
8407.161 967.590
8408.211 975.436
8409.258 970.974
8410.302 959.513
8411.342 972.487
8412.380 976.410
8413.415 965.892
8414.448 969.892
8415.477 967.868
8416.505 974.333
8417.530 972.923
8418.552 968.256
8419.573 981.744
8420.591 959.108
8421.608 974.605
8422.622 971.436
8423.635 968.289
8424.646 979.667
8425.655 978.923
8426.663 994.256
8427.669 1011.077
8428.675 1009.769
8429.678 1019.026
8430.681 1005.590
8431.683 997.417
8432.684 992.564
8433.683 983.846
8434.683 971.282
8435.681 984.895
8436.679 970.289
8437.677 976.895
8438.674 966.718
8439.670 981.564
8440.667 980.538
8441.664 973.641
8442.660 963.605
8443.657 992.500
8444.654 986.784
8445.651 989.649
8446.649 986.744
8447.647 997.103
8448.646 994.077
8449.645 979.184
8450.645 989.711
8451.646 995.658
8452.648 1004.158
8453.651 1007.730
8454.656 992.513
8455.661 985.256
8456.668 979.132
8457.676 986.846
8458.686 973.605
8459.698 982.590
8460.711 989.000
8461.726 998.769
8462.743 1007.077
8463.762 1012.308
8464.783 1011.289
8465.807 1011.297
8466.832 990.270
8467.860 996.154
8468.891 991.974
8469.924 999.410
8470.960 988.216
8471.999 973.974
8473.041 985.154
8474.085 1006.605
8475.133 990.538
8476.184 985.027
8477.238 984.946
8478.295 990.718
8479.356 966.462
8480.421 994.026
8481.489 994.917
8482.561 1002.282
8483.637 996.590
8484.717 985.263
8485.800 986.128
8486.888 983.108
8487.980 1002.077
8489.077 977.211
8490.178 997.231
8491.283 986.026
8492.393 1009.949
8493.508 996.622
8494.627 1018.154
8495.752 1006.128
8496.881 1003.154
8498.016 999.103
8499.156 1003.872
8500.301 1008.605
8501.451 998.027
8502.607 1007.053
8503.768 1000.730
8504.935 1012.795
8506.108 1012.436
8507.287 1014.892
8508.472 996.784
8509.662 993.590
8510.859 991.744
8512.063 997.158
8513.272 998.211
8514.488 1009.474
8515.710 984.658
8516.939 989.410
8518.175 1011.737
8519.418 1012.108
8520.667 998.077
8521.924 1007.872
8523.188 1014.256
8524.458 998.923
8525.737 1010.692
8527.022 1016.128
8528.315 1012.564
8529.616 996.289
8530.924 1011.737
8532.240 1014.026
8533.564 996.769
8534.896 1006.333
8536.236 1007.769
8537.584 993.553
8538.941 1003.846
8540.305 1000.553
8541.679 1008.054
8543.060 1019.410
8544.451 1005.974
8545.850 1016.895
8547.258 996.231
8548.675 997.103
8550.101 1016.692
8551.536 1007.923
8552.980 1010.769
8554.433 1018.806
8555.896 1017.757
8557.369 1011.077
8558.851 1014.615
8560.343 1009.974
8561.844 1004.846
8563.356 998.538
8564.877 1008.816
8566.409 1008.132
8567.950 1018.289
8569.502 1004.256
8571.064 1001.487
8572.637 1006.421
8574.221 1016.436
8575.814 1004.564
8577.419 998.395
8579.035 1003.949
8580.661 1002.053
8582.299 1005.789
8583.947 1017.923
8585.607 998.718
8587.279 1007.821
8588.961 1010.730
8590.655 1004.821
8592.361 997.744
8594.079 1013.615
8595.808 1015.538
8597.549 1012.872
8599.302 1004.447
8601.067 1001.385
8602.845 1000.162
8604.635 990.077
8606.437 1014.231
8608.251 996.846
8610.078 1004.658
8611.918 1010.564
8613.771 1005.649
8615.636 1002.308
8617.514 991.108
8619.406 1014.359
8621.310 1003.308
8623.228 1010.154
8625.159 998.216
8627.104 997.564
8629.062 1000.921
8631.034 993.487
8633.019 1001.053
8635.018 1002.641
8637.032 999.949
8639.059 996.500
8641.100 994.081
8643.155 1008.897
8645.225 1002.077
8647.309 1010.179
8649.408 1000.436
8651.521 1006.103
8653.649 1007.154
8655.792 1000.282
8657.949 995.973
8660.122 1001.711
8662.309 993.949
8664.512 1001.500
8666.730 999.974
8668.963 997.000
8671.212 1000.868
8673.476 432.231
8675.756 0.000
8678.052 0.000
8680.363 0.000
8682.691 0.000
8685.034 0.000
8687.394 0.000
8689.770 0.000
8692.162 0.000
8694.570 0.000
8696.995 0.000
8699.437 0.000
8701.895 0.000
8704.370 0.000
8706.862 0.000
8709.371 0.000
8711.897 0.000
8714.440 0.000
8717.000 0.000
8719.578 0.000
8722.173 0.000
8724.786 0.000
