8201.792 0.000
8203.166 10.972
8204.538 9.081
8205.910 9.763
8207.280 10.158
8208.649 7.639
8210.017 10.737
8211.384 10.316
8212.749 10.676
8214.114 9.432
8215.477 9.579
8216.840 10.361
8218.201 9.838
8219.561 10.132
8220.919 9.816
8222.277 10.405
8223.633 10.184
8224.989 9.432
8226.343 10.167
8227.696 9.158
8229.047 10.541
8230.398 10.459
8231.747 9.222
8233.095 10.081
8234.442 10.526
8235.787 9.135
8237.132 10.946
8238.475 9.811
8239.817 10.605
8241.157 9.054
8242.497 10.135
8243.835 9.649
8245.172 10.789
8246.507 10.432
8247.842 11.595
8249.175 11.158
8250.507 10.868
8251.837 9.789
8253.167 10.162
8254.494 12.306
8255.821 9.158
8257.146 9.579
8258.471 10.184
8259.793 9.579
8261.115 9.500
8262.435 12.105
8263.754 16.763
8265.071 17.395
8266.387 17.553
8267.702 20.868
8269.015 21.054
8270.327 20.162
8271.638 19.789
8272.947 19.974
8274.255 20.974
8275.562 22.579
8276.867 25.079
8278.171 23.526
8279.473 21.684
8280.774 20.474
8282.074 14.086
8283.372 14.054
8284.669 18.237
8285.965 19.541
8287.259 24.816
8288.551 27.026
8289.843 24.703
8291.132 23.211
8292.421 18.421
8293.707 13.342
8294.993 11.763
8296.277 9.605
8297.559 13.289
8298.840 12.278
8300.120 13.368
8301.398 15.865
8302.675 14.676
8303.950 13.132
8305.224 14.026
8306.496 13.395
8307.767 11.784
8309.036 10.605
8310.303 10.842
8311.570 11.342
8312.834 9.526
8314.097 11.316
8315.359 8.914
8316.619 11.579
8317.878 9.611
8319.135 11.737
8320.390 10.605
8321.644 11.579
8322.897 9.868
8324.147 10.421
8325.397 9.111
8326.644 10.684
8327.890 9.389
8329.135 11.432
8330.378 11.447
8331.619 10.838
8332.859 9.632
8334.097 12.658
8335.333 14.342
8336.568 19.568
8337.802 29.921
8339.033 37.711
8340.263 44.342
8341.492 40.639
8342.719 34.526
8343.944 26.579
8345.167 21.947
8346.389 17.917
8347.610 18.105
8348.828 23.711
8350.045 23.553
8351.260 20.324
8352.474 18.459
8353.686 16.079
8354.896 13.395
8356.104 11.211
8357.311 12.316
8358.516 14.132
8359.720 16.811
8360.921 24.184
8362.121 26.947
8363.319 29.526
8364.516 25.000
8365.711 23.816
8366.904 17.216
8368.095 11.921
8369.285 12.053
8370.473 9.816
8371.659 11.081
8372.843 10.622
8374.026 11.270
8375.206 11.892
8376.385 13.579
8377.563 15.865
8378.738 18.132
8379.912 18.216
8381.084 21.027
8382.254 16.974
8383.422 16.211
8384.588 13.324
8385.753 12.270
8386.916 10.919
8388.077 10.132
8389.236 12.649
8390.394 11.806
8391.549 11.417
8392.703 12.500
8393.855 21.405
8395.004 26.684
8396.153 33.105
8397.299 34.838
8398.443 36.889
8399.586 30.132
8400.726 22.211
8401.865 18.263
8403.002 13.389
8404.137 10.895
8405.270 12.194
8406.401 10.889
8407.530 9.784
8408.658 11.263
8409.783 13.000
8410.907 14.421
8412.028 14.789
8413.148 18.333
8414.266 20.868
8415.381 22.658
8416.495 21.861
8417.607 20.105
8418.717 15.973
8419.825 13.658
8420.931 11.895
8422.035 12.000
8423.137 11.676
8424.237 12.973
8425.335 15.162
8426.431 18.611
8427.525 26.474
8428.617 32.316
8429.707 39.378
8430.795 42.868
8431.881 42.889
8432.965 35.865
8434.047 33.974
8435.127 23.526
8436.205 18.132
8437.281 13.763
8438.355 10.526
8439.427 11.750
8440.496 12.500
8441.564 11.342
8442.630 11.270
8443.693 12.474
8444.755 12.595
8445.814 14.111
8446.871 16.316
8447.926 17.237
8448.980 16.730
8450.031 17.973
8451.079 18.135
8452.126 17.892
8453.171 18.194
8454.213 20.763
8455.254 21.417
8456.292 18.194
8457.328 17.649
8458.362 14.421
8459.394 13.632
8460.424 12.026
8461.451 11.737
8462.477 13.974
8463.500 14.243
8464.521 20.474
8465.540 26.789
8466.556 33.054
8467.571 36.944
8468.583 33.250
8469.593 30.605
8470.601 27.500
8471.607 19.595
8472.611 14.189
8473.612 11.162
8474.611 11.459
8475.608 9.444
8476.602 10.514
8477.595 12.270
8478.585 10.974
8479.573 12.595
8480.558 11.028
8481.542 12.421
8482.523 11.081
8483.502 12.324
8484.478 11.868
8485.453 11.730
8486.425 11.000
8487.395 11.368
8488.362 10.658
8489.327 11.605
8490.290 11.811
8491.251 13.368
8492.209 17.263
8493.165 19.429
8494.118 18.865
8495.070 18.000
8496.019 16.316
8496.965 14.474
8497.910 13.895
8498.852 11.444
8499.791 12.658
8500.728 15.514
8501.663 17.316
8502.596 22.027
8503.526 27.316
8504.454 26.342
8505.379 21.763
8506.302 16.711
8507.223 13.649
8508.141 13.605
8509.057 12.973
8509.970 12.459
8510.881 12.368
8511.790 12.079
8512.696 12.553
8513.600 11.737
8514.501 11.833
8515.400 11.139
8516.297 12.432
8517.191 12.028
8518.082 13.553
8518.971 12.921
8519.858 11.568
8520.742 13.474
8521.624 13.237
8522.503 12.892
8523.380 12.622
8524.254 12.763
8525.126 13.816
8525.995 12.868
8526.862 11.263
8527.727 13.053
8528.588 15.500
8529.448 16.053
8530.304 15.711
8531.159 14.184
8532.010 15.514
8532.860 13.514
8533.706 12.649
8534.550 11.243
8535.392 13.342
8536.231 15.189
8537.067 17.605
8537.901 18.789
8538.733 16.184
8539.561 15.270
8540.387 13.171
8541.211 11.105
8542.032 12.216
8542.850 13.026
8543.666 12.237
8544.479 11.973
8545.290 12.270
8546.098 11.500
8546.903 10.526
8547.706 13.079
8548.506 11.868
8549.304 10.216
8550.099 11.105
8550.891 10.811
8551.680 11.108
8552.467 11.632
8553.251 11.289
8554.033 10.892
8554.812 10.946
8555.588 11.649
8556.362 10.111
8557.133 11.658
8557.901 12.737
8558.666 11.105
8559.429 12.079
8560.189 12.237
8560.947 11.270
8561.701 11.421
8562.453 11.658
8563.203 12.526
8563.949 12.289
8564.693 12.763
8565.434 12.921
8566.172 12.632
8566.908 11.649
8567.641 12.297
8568.371 12.543
8569.098 13.395
8569.823 14.921
8570.544 14.432
8571.263 13.789
8571.980 12.189
8572.693 12.432
8573.404 13.579
8574.112 11.974
8574.817 11.595
8575.519 11.605
8576.218 11.361
8576.915 12.053
8577.609 11.026
8578.300 13.605
8578.988 13.556
8579.673 13.973
8580.355 13.778
8581.035 14.861
8581.712 19.243
8582.386 18.946
8583.057 20.946
8583.725 16.842
8584.390 15.737
8585.053 12.763
8585.712 5.000
8586.369 0.000
8587.023 0.000
8587.674 0.000
8588.322 0.000
8588.967 0.000
8589.609 0.000
8590.248 0.000
8590.884 0.000
8591.518 0.000
8592.148 0.000
8592.776 0.000
8593.400 0.000
8594.022 0.000
8594.641 0.000
8595.256 0.000
8595.869 0.000
8596.479 0.000
8597.086 0.000
8597.690 0.000
8598.291 0.000
8598.889 0.000
