8097.170 0.000
8100.408 907.565
8103.624 907.792
8106.817 918.348
8109.988 912.667
8113.137 918.609
8116.263 903.750
8119.368 904.833
8122.451 898.750
8125.512 912.130
8128.552 923.304
8131.570 910.458
8134.567 897.087
8137.543 899.208
8140.497 908.818
8143.431 903.091
8146.343 934.292
8149.235 929.304
8152.106 922.750
8154.956 894.864
8157.786 905.542
8160.596 923.565
8163.386 904.739
8166.155 932.000
8168.904 926.217
8171.634 913.478
8174.343 911.826
8177.033 906.042
8179.704 913.227
8182.355 910.750
8184.987 917.238
8187.599 922.875
8190.192 910.125
8192.767 933.870
8195.322 924.292
8197.859 921.826
8200.377 912.864
8202.877 905.000
8205.358 903.167
8207.821 913.609
8210.265 923.917
8212.692 917.958
8215.101 919.182
8217.491 914.696
8219.864 904.696
8222.220 926.083
8224.558 911.913
8226.878 930.652
8229.181 927.958
8231.467 945.957
8233.736 923.000
8235.988 939.833
8238.223 931.130
8240.442 948.864
8242.644 934.625
8244.829 935.864
8246.998 952.875
8249.151 932.696
8251.287 951.609
8253.408 939.208
8255.512 936.833
8257.601 940.458
8259.674 960.652
8261.731 950.565
8263.773 948.458
8265.800 950.500
8267.811 936.000
8269.807 946.500
8271.788 955.652
8273.754 950.087
8275.706 938.652
8277.643 941.565
8279.565 944.696
8281.472 944.583
8283.366 930.625
8285.245 956.130
8287.110 939.708
8288.961 951.391
8290.798 940.083
8292.621 943.818
8294.431 923.542
8296.227 943.957
8298.009 951.682
8299.779 940.870
8301.535 954.000
8303.278 941.500
8305.008 947.458
8306.725 942.083
8308.429 961.565
8310.121 936.542
8311.800 953.478
8313.467 953.250
8315.121 940.333
8316.763 949.250
8318.393 956.739
8320.011 954.652
8321.618 965.261
8323.212 954.636
8324.795 949.750
8326.367 941.957
8327.926 948.750
8329.475 935.522
8331.013 968.625
8332.539 983.478
8334.054 965.875
8335.559 980.167
8337.053 989.458
8338.536 985.864
8340.009 996.045
8341.471 1001.522
8342.923 981.458
8344.365 962.958
8345.797 963.739
8347.219 961.739
8348.631 982.417
8350.033 975.875
8351.426 980.292
8352.810 971.167
8354.183 979.087
8355.548 971.043
8356.904 985.696
8358.250 967.833
8359.588 964.583
8360.916 963.870
8362.236 987.565
8363.548 964.478
8364.851 988.739
8366.146 968.217
8367.432 977.208
8368.710 972.333
8369.981 959.043
8371.243 970.348
8372.497 982.167
8373.744 966.667
8374.984 977.667
8376.215 977.318
8377.440 971.130
8378.657 967.739
8379.868 975.250
8381.071 985.083
8382.267 984.208
8383.457 973.042
8384.639 991.625
8385.816 991.273
8386.986 964.217
8388.149 970.739
8389.307 989.348
8390.458 974.429
8391.603 966.125
8392.743 990.167
8393.876 979.696
8395.004 993.136
8396.127 992.750
8397.244 984.913
8398.356 977.458
8399.462 994.458
8400.564 1015.727
8401.660 1002.833
8402.752 997.333
8403.839 992.750
8404.921 985.292
8405.999 999.435
8407.072 962.136
8408.142 981.167
8409.207 979.917
8410.268 996.500
8411.324 993.125
8412.378 984.375
8413.427 988.750
8414.473 990.625
8415.515 991.591
8416.554 1004.227
8417.590 1000.417
8418.622 1005.958
8419.652 991.208
8420.678 998.333
8421.702 1008.043
8422.723 981.958
8423.741 985.261
8424.757 999.333
8425.771 994.000
8426.782 1002.583
8427.792 1019.333
8428.799 1019.826
8429.804 1022.318
8430.807 1014.625
8431.809 1020.826
8432.809 1039.304
8433.808 1027.250
8434.806 1015.625
8435.802 1023.609
8436.797 1001.174
8437.791 1005.583
8438.784 994.792
8439.777 1010.375
8440.768 1004.565
8441.759 1015.500
8442.750 1004.682
8443.741 996.250
8444.731 1004.708
8445.721 1000.667
8446.711 1021.217
8447.701 1001.636
8448.692 999.292
8449.683 1000.250
8450.674 1004.043
8451.666 1026.542
8452.658 1014.792
8453.652 1004.696
8454.646 1003.043
8455.641 1011.000
8456.638 1009.375
8457.635 1004.333
8458.634 1003.727
8459.635 996.913
8460.637 1037.333
8461.641 1032.864
8462.647 1012.583
8463.654 1011.042
8464.664 1020.304
8465.676 1015.000
8466.690 1042.000
8467.706 1032.864
8468.725 1018.913
8469.747 1022.125
8470.771 1000.042
8471.798 1010.333
8472.828 1009.783
8473.862 995.083
8474.898 1006.783
8475.938 1020.417
8476.981 1009.792
8478.027 1014.708
8479.077 1023.261
8480.131 1009.174
8481.189 1002.652
8482.251 1004.458
8483.317 1006.667
8484.387 999.783
8485.461 1017.667
8486.540 1002.136
8487.623 1010.125
8488.711 1011.375
8489.804 1035.375
8490.902 1021.417
8492.004 1027.783
8493.112 1006.826
8494.225 1006.792
8495.343 1036.708
8496.467 1026.583
8497.596 1018.478
8498.731 1042.182
8499.871 1022.042
8501.018 1048.696
8502.170 1003.455
8503.329 1026.087
8504.494 1018.708
8505.665 1033.435
8506.843 1032.913
8508.027 1028.783
8509.218 1043.500
8510.416 1027.652
8511.621 1033.087
8512.832 1026.957
8514.051 1030.739
8515.277 994.043
8516.511 1014.750
8517.752 1005.636
8519.000 1017.292
8520.257 1018.958
8521.521 1023.583
8522.793 1014.167
8524.073 1023.000
8525.361 1024.087
8526.657 1014.208
8527.962 1025.870
8529.275 1012.708
8530.597 1036.043
8531.928 1026.667
8533.267 1030.391
8534.616 1026.348
8535.973 1026.750
8537.340 1030.609
8538.716 1002.478
8540.101 1036.500
8541.496 993.833
8542.900 1009.652
8544.314 1025.500
8545.738 1026.435
8547.172 1030.625
8548.616 1024.522
8550.071 1030.478
8551.535 1036.417
8553.010 1027.261
8554.496 1049.217
8555.992 1030.727
8557.499 1024.083
8559.017 1025.435
8560.545 1036.792
8562.085 1043.652
8563.636 1010.261
8565.199 1025.304
8566.772 1027.500
8568.358 1035.333
8569.955 1036.652
8571.564 1023.522
8573.184 1038.913
8574.817 1042.667
8576.462 1044.783
8578.119 1022.167
8579.788 1025.957
8581.470 1027.333
8583.164 1039.783
8584.871 1013.208
8586.591 1023.000
8588.324 1023.773
8590.070 1015.958
8591.829 1032.826
8593.601 1029.609
8595.386 1011.826
8597.185 1026.875
8598.998 1032.042
8600.824 1011.043
8602.664 1024.083
8604.518 1046.833
8606.386 1019.542
8608.268 1023.174
8610.164 1023.391
8612.075 1024.583
8614.001 1016.375
8615.940 1030.957
8617.895 1016.542
8619.864 1006.435
8621.849 1022.292
8623.848 1022.826
8625.863 1026.167
8627.892 1039.000
8629.938 1018.522
8631.998 1027.318
8634.075 1021.083
8636.167 1027.000
8638.275 1023.875
8640.399 1021.913
8642.539 1018.083
8644.695 1033.333
8646.867 1028.750
8649.056 1029.917
8651.261 1023.125
8653.483 1051.435
8655.722 1017.435
8657.978 1016.875
8660.250 1020.364
8662.540 1012.500
8664.847 1015.750
8667.171 1015.542
8669.513 1022.478
8671.872 1019.458
8674.249 1034.417
8676.643 1022.435
8679.056 1013.913
8681.486 762.500
8683.935 763.083
8686.401 669.542
8688.886 581.333
8691.390 544.833
8693.912 328.667
8696.453 318.667
8699.012 0.000
8701.591 0.000
8704.188 0.000
8706.805 0.000
8709.441 0.000
8712.096 0.000
8714.770 0.000
8717.465 0.000
8720.179 0.000
8722.912 0.000
8725.666 0.000
8728.439 0.000
8731.233 0.000
8734.047 0.000
