8285.0	0
8286.107894736842	6.24
8287.215789473685	5.56
8288.323684210527	6
8289.431578947368	6.08
8290.53947368421	4.8
8291.647368421052	5.3076923076923075
8292.755263157895	5.884615384615385
8293.863157894737	7.038461538461538
8294.97105263158	5.791666666666667
8296.078947368422	6.884615384615385
8297.186842105262	6.5
8298.294736842105	5.923076923076923
8299.402631578947	6.346153846153846
8300.51052631579	5.56
8301.618421052632	6.3076923076923075
8302.726315789474	6.153846153846154
8303.834210526316	4.583333333333333
8304.942105263159	6.423076923076923
8306.05	6.24
8307.157894736842	4.6
8308.265789473684	5.32
8309.373684210526	6.8076923076923075
8310.481578947369	5.461538461538462
8311.589473684211	5.076923076923077
8312.697368421053	4.76
8313.805263157894	5.923076923076923
8314.913157894736	5.48
8316.021052631579	6.08
8317.128947368421	5.4
8318.236842105263	7.423076923076923
8319.344736842106	6.8076923076923075
8320.452631578948	5.538461538461538
8321.560526315789	6.038461538461538
8322.668421052631	5.038461538461538
8323.776315789473	5.44
8324.884210526316	5.68
8325.992105263158	5.8076923076923075
8327.1	5.916666666666667
8328.207894736843	5.230769230769231
8329.315789473685	5.04
8330.423684210526	4.72
8331.531578947368	6.153846153846154
8332.63947368421	6.461538461538462
8333.747368421053	4.84
8334.855263157895	7.2
8335.963157894737	8.346153846153847
8337.07105263158	10.28
8338.17894736842	13.653846153846153
8339.286842105263	16.423076923076923
8340.394736842105	21.36
8341.502631578947	16.423076923076923
8342.61052631579	17.03846153846154
8343.718421052632	16.53846153846154
8344.826315789474	19.03846153846154
8345.934210526315	17.5
8347.042105263157	20.423076923076923
8348.15	15.833333333333334
8349.257894736842	20.46153846153846
8350.365789473684	18.73076923076923
8351.473684210527	13.653846153846153
8352.581578947369	10.56
8353.689473684211	10.807692307692308
8354.797368421052	15.72
8355.905263157894	15.88
8357.013157894737	21.26923076923077
8358.121052631579	22.36
8359.228947368421	22.5
8360.336842105264	19.692307692307693
8361.444736842106	15.72
8362.552631578947	10.692307692307692
8363.660526315789	6.6
8364.768421052631	8
8365.876315789474	8.692307692307692
8366.984210526316	8.08
8368.092105263158	10.076923076923077
8369.2	10.32
8370.307894736841	11.44
8371.415789473684	10.846153846153847
8372.523684210526	9.88
8373.631578947368	6.75
8374.73947368421	7.115384615384615
8375.847368421053	7.269230769230769
8376.955263157895	6.68
8378.063157894738	5
8379.171052631578	5.384615384615385
8380.27894736842	6.538461538461538
8381.386842105263	6.32
8382.494736842105	5.846153846153846
8383.602631578948	6.884615384615385
8384.71052631579	6.923076923076923
8385.818421052632	5.8
8386.926315789473	7.076923076923077
8388.034210526315	5.884615384615385
8389.142105263158	5.24
8390.25	6.56
8391.357894736842	7.3076923076923075
8392.465789473685	5.92
8393.573684210527	6.72
8394.681578947368	7.961538461538462
8395.78947368421	6.72
8396.897368421052	4.666666666666667
8398.005263157895	6.08
8399.113157894737	9.384615384615385
8400.22105263158	12.96
8401.328947368422	19.807692307692307
8402.436842105262	29.692307692307693
8403.544736842105	38.88
8404.652631578947	42.291666666666664
8405.76052631579	37.46153846153846
8406.868421052632	33.69230769230769
8407.976315789474	22.884615384615383
8409.084210526316	19.692307692307693
8410.192105263159	18.423076923076923
8411.3	18.2
8412.407894736842	17.576923076923077
8413.515789473684	18.6
8414.623684210526	15.384615384615385
8415.731578947369	13.576923076923077
8416.839473684211	9.538461538461538
8417.947368421053	9.538461538461538
8419.055263157894	7.461538461538462
8420.163157894736	9
8421.271052631579	10.8
8422.378947368421	12.23076923076923
8423.486842105263	11.538461538461538
8424.594736842106	13.68
8425.702631578948	16.48
8426.810526315789	12.32
8427.918421052631	12.692307692307692
8429.026315789473	8.346153846153847
8430.134210526316	7.5
8431.242105263158	4.708333333333333
8432.35	6.76
8433.457894736843	5.92
8434.565789473685	7.153846153846154
8435.673684210526	7.769230769230769
8436.781578947368	7.8076923076923075
8437.88947368421	7.8076923076923075
8438.997368421053	10.807692307692308
8440.105263157895	14.083333333333334
8441.213157894737	17.12
8442.32105263158	15.72
8443.42894736842	16.12
8444.536842105263	13.115384615384615
8445.644736842105	8.884615384615385
8446.752631578947	5.64
8447.86052631579	7.538461538461538
8448.968421052632	5.884615384615385
8450.076315789474	6.28
8451.184210526315	6
8452.292105263157	7.346153846153846
8453.4	8.625
8454.507894736842	12.384615384615385
8455.615789473684	20.48
8456.723684210527	27.12
8457.831578947369	31.166666666666668
8458.939473684211	33.28
8460.047368421052	29.884615384615383
8461.155263157894	23.03846153846154
8462.263157894737	16.96153846153846
8463.371052631579	10.92
8464.478947368421	8.961538461538462
8465.586842105264	7.36
8466.694736842106	6.730769230769231
8467.802631578947	4.666666666666667
8468.910526315789	6.6923076923076925
8470.018421052631	10
8471.126315789474	7.96
8472.234210526316	11.24
8473.342105263158	15.307692307692308
8474.45	17.041666666666668
8475.557894736841	16.625
8476.665789473684	18.6
8477.773684210526	17.041666666666668
8478.881578947368	14.692307692307692
8479.98947368421	12.375
8481.097368421053	7.041666666666667
8482.205263157895	7.538461538461538
8483.313157894736	7.769230769230769
8484.421052631578	6.769230769230769
8485.52894736842	8.44
8486.636842105263	10.5
8487.744736842105	17.28
8488.852631578948	23.5
8489.96052631579	34.84
8491.068421052632	34.44
8492.176315789473	40.92307692307692
8493.284210526315	36.65384615384615
8494.392105263158	34.15384615384615
8495.5	26.192307692307693
8496.607894736842	15.923076923076923
8497.715789473685	10.791666666666666
8498.823684210527	7.6521739130434785
8499.931578947368	6.8
8501.03947368421	7.44
8502.147368421052	5.8076923076923075
8503.255263157895	5.96
8504.363157894737	5.346153846153846
8505.47105263158	7.6923076923076925
8506.578947368422	6.291666666666667
8507.686842105264	7.461538461538462
8508.794736842105	9.4
8509.902631578947	9.96
8511.01052631579	9.92
8512.118421052632	11.538461538461538
8513.226315789474	13.96
8514.334210526316	12.083333333333334
8515.442105263159	16.24
8516.55	15.307692307692308
8517.657894736842	15.64
8518.765789473684	14.6
8519.873684210526	12.26923076923077
8520.981578947369	10.615384615384615
8522.089473684211	9.538461538461538
8523.197368421053	7.730769230769231
8524.305263157894	7.28
8525.413157894736	8.538461538461538
8526.521052631579	9.6
8527.628947368421	16.192307692307693
8528.736842105263	16.92
8529.844736842106	23.68
8530.952631578948	30.076923076923077
8532.060526315789	28.576923076923077
8533.168421052631	28.307692307692307
8534.276315789473	22.692307692307693
8535.384210526316	14.958333333333334
8536.492105263158	11.76
8537.6	9.961538461538462
8538.707894736843	7.64
8539.815789473685	6.884615384615385
8540.923684210526	8.384615384615385
8542.031578947368	6.1923076923076925
8543.13947368421	7.625
8544.247368421053	5.92
8545.355263157895	8.73076923076923
8546.463157894737	5.730769230769231
8547.57105263158	6.041666666666667
8548.67894736842	7.72
8549.786842105263	7.24
8550.894736842105	5.791666666666667
8552.002631578947	7.423076923076923
8553.11052631579	5.68
8554.218421052632	6.615384615384615
8555.326315789474	6.64
8556.434210526315	7.423076923076923
8557.542105263157	7.8
8558.65	7.88
8559.757894736842	10.916666666666666
8560.865789473684	13.538461538461538
8561.973684210527	13.75
8563.081578947369	12.461538461538462
8564.189473684211	12.038461538461538
8565.297368421052	8.461538461538462
8566.405263157894	9
8567.513157894737	7.36
8568.621052631579	9.653846153846153
8569.728947368421	9.12
8570.836842105264	15.846153846153847
8571.944736842106	17.23076923076923
8573.052631578947	19.153846153846153
8574.160526315789	18.923076923076923
8575.268421052631	15.653846153846153
8576.376315789474	12.538461538461538
8577.484210526316	8.12
8578.592105263158	8.807692307692308
8579.7	8.23076923076923
8580.807894736841	6.6923076923076925
8581.915789473684	6.3076923076923075
8583.023684210526	5.846153846153846
8584.131578947368	5.92
8585.23947368421	6.846153846153846
8586.347368421053	7.04
8587.455263157895	7.923076923076923
8588.563157894736	7.423076923076923
8589.671052631578	5.88
8590.77894736842	6.384615384615385
8591.886842105263	7.96
8592.994736842105	6.28
8594.102631578948	6.8
8595.21052631579	6.416666666666667
8596.318421052632	6.384615384615385
8597.426315789473	7.384615384615385
8598.534210526315	7.730769230769231
8599.642105263158	5.92
8600.75	8.08
8601.857894736842	7.615384615384615
8602.965789473685	7.038461538461538
8604.073684210527	8.076923076923077
8605.181578947368	7.083333333333333
8606.28947368421	11.615384615384615
8607.397368421052	9.307692307692308
8608.505263157895	7.96
8609.613157894737	7.56
8610.72105263158	8.26923076923077
8611.828947368422	6.269230769230769
8612.936842105264	7.5
8614.044736842105	9.26923076923077
8615.152631578947	10.083333333333334
8616.26052631579	14.153846153846153
8617.368421052632	13.23076923076923
8618.476315789474	11.346153846153847
8619.584210526316	9.692307692307692
8620.692105263159	8.153846153846153
8621.8	8
8622.907894736842	6.84
8624.015789473684	7.76
8625.123684210526	6.208333333333333
8626.231578947369	5.541666666666667
8627.339473684211	6.884615384615385
8628.447368421053	7
8629.555263157894	7.884615384615385
8630.663157894736	6.44
8631.771052631579	6.346153846153846
8632.878947368421	6.769230769230769
8633.986842105263	6.6923076923076925
8635.094736842106	7.038461538461538
8636.202631578948	5.730769230769231
8637.310526315789	6.153846153846154
8638.418421052631	6.346153846153846
8639.526315789473	5.56
8640.634210526316	7.961538461538462
8641.742105263158	6.5
8642.85	6.36
8643.957894736843	5.269230769230769
8645.065789473685	5.375
8646.173684210526	5.84
8647.281578947368	8.384615384615385
8648.38947368421	6.884615384615385
8649.497368421053	6.961538461538462
8650.605263157895	5.44
8651.713157894737	8.115384615384615
8652.82105263158	7.416666666666667
8653.92894736842	7.6
8655.036842105263	7.653846153846154
8656.144736842105	8.615384615384615
8657.252631578947	8.56
8658.36052631579	9.26923076923077
8659.468421052632	7.461538461538462
8660.576315789474	9.153846153846153
8661.684210526315	7.44
8662.792105263157	9.76923076923077
8663.9	10.76923076923077
8665.007894736842	9.16
8666.115789473684	6.96
8667.223684210527	7.36
8668.331578947369	7.04
8669.439473684211	7.346153846153846
8670.547368421052	5.36
8671.655263157894	6.16
8672.763157894737	6.769230769230769
8673.871052631579	5.56
8674.978947368421	7.346153846153846
8676.086842105264	5.576923076923077
8677.194736842106	8.26923076923077
8678.302631578947	7.04
8679.410526315789	8.48
8680.518421052631	6.708333333333333
8681.626315789474	7.961538461538462
8682.734210526316	10.041666666666666
8683.842105263158	9.12
8684.95	8.84
8686.057894736841	7.04
8687.165789473684	6.730769230769231
8688.273684210526	5.28
8689.381578947368	1.75
8690.48947368421	9.423076923076923
8691.597368421053	0
8692.705263157895	0
8693.813157894736	0
8694.921052631578	0
8696.02894736842	0
8697.136842105263	0
8698.244736842105	0
8699.352631578948	0
8700.46052631579	0
8701.568421052632	0
8702.676315789473	0
8703.784210526315	0
8704.892105263158	0
8706.0	0
