8097.170 0.000
8100.408 6.240
8103.624 5.560
8106.817 6.000
8109.988 6.080
8113.137 4.800
8116.263 5.308
8119.368 5.885
8122.451 7.038
8125.512 5.792
8128.552 6.885
8131.570 6.500
8134.567 5.923
8137.543 6.346
8140.497 5.560
8143.431 6.308
8146.343 6.154
8149.235 4.583
8152.106 6.423
8154.956 6.240
8157.786 4.600
8160.596 5.320
8163.386 6.808
8166.155 5.462
8168.904 5.077
8171.634 4.760
8174.343 5.923
8177.033 5.480
8179.704 6.080
8182.355 5.400
8184.987 7.423
8187.599 6.808
8190.192 5.538
8192.767 6.038
8195.322 5.038
8197.859 5.440
8200.377 5.680
8202.877 5.808
8205.358 5.917
8207.821 5.231
8210.265 5.040
8212.692 4.720
8215.101 6.154
8217.491 6.462
8219.864 4.840
8222.220 7.200
8224.558 8.346
8226.878 10.280
8229.181 13.654
8231.467 16.423
8233.736 21.360
8235.988 16.423
8238.223 17.038
8240.442 16.538
8242.644 19.038
8244.829 17.500
8246.998 20.423
8249.151 15.833
8251.287 20.462
8253.408 18.731
8255.512 13.654
8257.601 10.560
8259.674 10.808
8261.731 15.720
8263.773 15.880
8265.800 21.269
8267.811 22.360
8269.807 22.500
8271.788 19.692
8273.754 15.720
8275.706 10.692
8277.643 6.600
8279.565 8.000
8281.472 8.692
8283.366 8.080
8285.245 10.077
8287.110 10.320
8288.961 11.440
8290.798 10.846
8292.621 9.880
8294.431 6.750
8296.227 7.115
8298.009 7.269
8299.779 6.680
8301.535 5.000
8303.278 5.385
8305.008 6.538
8306.725 6.320
8308.429 5.846
8310.121 6.885
8311.800 6.923
8313.467 5.800
8315.121 7.077
8316.763 5.885
8318.393 5.240
8320.011 6.560
8321.618 7.308
8323.212 5.920
8324.795 6.720
8326.367 7.962
8327.926 6.720
8329.475 4.667
8331.013 6.080
8332.539 9.385
8334.054 12.960
8335.559 19.808
8337.053 29.692
8338.536 38.880
8340.009 42.292
8341.471 37.462
8342.923 33.692
8344.365 22.885
8345.797 19.692
8347.219 18.423
8348.631 18.200
8350.033 17.577
8351.426 18.600
8352.810 15.385
8354.183 13.577
8355.548 9.538
8356.904 9.538
8358.250 7.462
8359.588 9.000
8360.916 10.800
8362.236 12.231
8363.548 11.538
8364.851 13.680
8366.146 16.480
8367.432 12.320
8368.710 12.692
8369.981 8.346
8371.243 7.500
8372.497 4.708
8373.744 6.760
8374.984 5.920
8376.215 7.154
8377.440 7.769
8378.657 7.808
8379.868 7.808
8381.071 10.808
8382.267 14.083
8383.457 17.120
8384.639 15.720
8385.816 16.120
8386.986 13.115
8388.149 8.885
8389.307 5.640
8390.458 7.538
8391.603 5.885
8392.743 6.280
8393.876 6.000
8395.004 7.346
8396.127 8.625
8397.244 12.385
8398.356 20.480
8399.462 27.120
8400.564 31.167
8401.660 33.280
8402.752 29.885
8403.839 23.038
8404.921 16.962
8405.999 10.920
8407.072 8.962
8408.142 7.360
8409.207 6.731
8410.268 4.667
8411.324 6.692
8412.378 10.000
8413.427 7.960
8414.473 11.240
8415.515 15.308
8416.554 17.042
8417.590 16.625
8418.622 18.600
8419.652 17.042
8420.678 14.692
8421.702 12.375
8422.723 7.042
8423.741 7.538
8424.757 7.769
8425.771 6.769
8426.782 8.440
8427.792 10.500
8428.799 17.280
8429.804 23.500
8430.807 34.840
8431.809 34.440
8432.809 40.923
8433.808 36.654
8434.806 34.154
8435.802 26.192
8436.797 15.923
8437.791 10.792
8438.784 7.652
8439.777 6.800
8440.768 7.440
8441.759 5.808
8442.750 5.960
8443.741 5.346
8444.731 7.692
8445.721 6.292
8446.711 7.462
8447.701 9.400
8448.692 9.960
8449.683 9.920
8450.674 11.538
8451.666 13.960
8452.658 12.083
8453.652 16.240
8454.646 15.308
8455.641 15.640
8456.638 14.600
8457.635 12.269
8458.634 10.615
8459.635 9.538
8460.637 7.731
8461.641 7.280
8462.647 8.538
8463.654 9.600
8464.664 16.192
8465.676 16.920
8466.690 23.680
8467.706 30.077
8468.725 28.577
8469.747 28.308
8470.771 22.692
8471.798 14.958
8472.828 11.760
8473.862 9.962
8474.898 7.640
8475.938 6.885
8476.981 8.385
8478.027 6.192
8479.077 7.625
8480.131 5.920
8481.189 8.731
8482.251 5.731
8483.317 6.042
8484.387 7.720
8485.461 7.240
8486.540 5.792
8487.623 7.423
8488.711 5.680
8489.804 6.615
8490.902 6.640
8492.004 7.423
8493.112 7.800
8494.225 7.880
8495.343 10.917
8496.467 13.538
8497.596 13.750
8498.731 12.462
8499.871 12.038
8501.018 8.462
8502.170 9.000
8503.329 7.360
8504.494 9.654
8505.665 9.120
8506.843 15.846
8508.027 17.231
8509.218 19.154
8510.416 18.923
8511.621 15.654
8512.832 12.538
8514.051 8.120
8515.277 8.808
8516.511 8.231
8517.752 6.692
8519.000 6.308
8520.257 5.846
8521.521 5.920
8522.793 6.846
8524.073 7.040
8525.361 7.923
8526.657 7.423
8527.962 5.880
8529.275 6.385
8530.597 7.960
8531.928 6.280
8533.267 6.800
8534.616 6.417
8535.973 6.385
8537.340 7.385
8538.716 7.731
8540.101 5.920
8541.496 8.080
8542.900 7.615
8544.314 7.038
8545.738 8.077
8547.172 7.083
8548.616 11.615
8550.071 9.308
8551.535 7.960
8553.010 7.560
8554.496 8.269
8555.992 6.269
8557.499 7.500
8559.017 9.269
8560.545 10.083
8562.085 14.154
8563.636 13.231
8565.199 11.346
8566.772 9.692
8568.358 8.154
8569.955 8.000
8571.564 6.840
8573.184 7.760
8574.817 6.208
8576.462 5.542
8578.119 6.885
8579.788 7.000
8581.470 7.885
8583.164 6.440
8584.871 6.346
8586.591 6.769
8588.324 6.692
8590.070 7.038
8591.829 5.731
8593.601 6.154
8595.386 6.346
8597.185 5.560
8598.998 7.962
8600.824 6.500
8602.664 6.360
8604.518 5.269
8606.386 5.375
8608.268 5.840
8610.164 8.385
8612.075 6.885
8614.001 6.962
8615.940 5.440
8617.895 8.115
8619.864 7.417
8621.849 7.600
8623.848 7.654
8625.863 8.615
8627.892 8.560
8629.938 9.269
8631.998 7.462
8634.075 9.154
8636.167 7.440
8638.275 9.769
8640.399 10.769
8642.539 9.160
8644.695 6.960
8646.867 7.360
8649.056 7.040
8651.261 7.346
8653.483 5.360
8655.722 6.160
8657.978 6.769
8660.250 5.560
8662.540 7.346
8664.847 5.577
8667.171 8.269
8669.513 7.040
8671.872 8.480
8674.249 6.708
8676.643 7.962
8679.056 10.042
8681.486 9.120
8683.935 8.840
8686.401 7.040
8688.886 6.731
8691.390 5.280
8693.912 1.750
8696.453 9.423
8699.012 0.000
8701.591 0.000
8704.188 0.000
8706.805 0.000
8709.441 0.000
8712.096 0.000
8714.770 0.000
8717.465 0.000
8720.179 0.000
8722.912 0.000
8725.666 0.000
8728.439 0.000
8731.233 0.000
8734.047 0.000
