8101.250 0.000
8104.416 956.976
8107.561 956.075
8110.684 960.415
8113.786 958.475
8116.866 958.800
8119.925 962.900
8122.963 958.195
8125.980 963.537
8128.976 964.077
8131.951 961.375
8134.905 965.488
8137.839 961.500
8140.753 984.561
8143.646 959.750
8146.518 968.293
8149.371 961.195
8152.203 966.805
8155.016 971.750
8157.809 962.439
8160.582 951.175
8163.335 975.732
8166.069 961.949
8168.783 960.122
8171.478 981.244
8174.154 973.725
8176.811 966.825
8179.449 957.450
8182.068 952.975
8184.669 971.282
8187.250 983.600
8189.813 971.805
8192.358 971.073
8194.885 979.683
8197.393 973.725
8199.883 980.927
8202.355 984.683
8204.809 979.625
8207.246 981.692
8209.665 972.512
8212.066 970.550
8214.450 976.976
8216.816 979.098
8219.166 975.561
8221.498 979.415
8223.813 989.122
8226.111 981.829
8228.393 982.105
8230.658 991.075
8232.906 996.659
8235.138 1005.220
8237.353 985.659
8239.552 1005.634
8241.735 990.439
8243.902 999.175
8246.053 996.659
8248.189 990.415
8250.308 986.825
8252.412 1009.325
8254.501 995.732
8256.574 999.927
8258.632 993.049
8260.675 998.780
8262.702 1007.692
8264.715 998.650
8266.713 1005.195
8268.696 1008.927
8270.665 992.667
8272.619 1003.390
8274.559 1002.275
8276.484 983.220
8278.395 1001.700
8280.292 992.537
8282.176 986.854
8284.045 995.415
8285.901 1003.000
8287.743 1008.439
8289.571 1006.634
8291.386 1002.975
8293.188 1009.150
8294.976 1004.707
8296.752 998.667
8298.514 1009.077
8300.264 1015.800
8302.001 1004.878
8303.725 1005.025
8305.437 1004.366
8307.136 992.575
8308.823 1017.049
8310.498 1010.359
8312.160 1008.308
8313.811 1018.049
8315.449 1008.683
8317.076 1013.878
8318.692 1004.220
8320.295 1004.878
8321.888 1015.268
8323.468 1026.550
8325.038 1008.488
8326.597 1013.780
8328.144 1010.846
8329.681 1020.250
8331.207 1010.200
8332.722 1030.073
8334.226 1043.600
8335.720 1036.513
8337.204 1053.927
8338.677 1045.634
8340.141 1051.220
8341.594 1033.750
8343.037 1035.225
8344.471 1025.525
8345.894 1035.000
8347.309 1041.049
8348.713 1024.300
8350.109 1037.439
8351.495 1027.600
8352.871 1021.756
8354.239 1013.659
8355.598 1017.488
8356.948 1038.561
8358.289 1033.675
8359.622 1036.805
8360.946 1042.195
8362.262 1041.410
8363.569 1040.073
8364.869 1044.385
8366.160 1037.024
8367.443 1056.366
8368.718 1034.732
8369.986 1026.821
8371.246 1034.951
8372.498 1034.341
8373.743 1040.707
8374.981 1028.632
8376.211 1034.512
8377.435 1048.488
8378.651 1043.537
8379.861 1050.561
8381.063 1049.925
8382.259 1053.026
8383.449 1052.615
8384.632 1040.475
8385.809 1033.150
8386.979 1038.293
8388.144 1029.366
8389.302 1045.854
8390.454 1046.000
8391.601 1032.415
8392.742 1051.718
8393.877 1036.610
8395.007 1046.700
8396.132 1056.439
8397.251 1075.829
8398.365 1074.610
8399.475 1069.250
8400.579 1079.927
8401.678 1047.902
8402.773 1050.098
8403.863 1057.902
8404.949 1065.550
8406.030 1051.854
8407.107 1047.974
8408.180 1043.317
8409.249 1056.718
8410.313 1038.293
8411.375 1047.683
8412.432 1058.049
8413.485 1046.821
8414.536 1058.341
8415.582 1070.976
8416.626 1064.024
8417.666 1058.683
8418.703 1063.675
8419.738 1067.537
8420.769 1068.634
8421.798 1059.550
8422.824 1056.317
8423.847 1064.244
8424.868 1062.756
8425.887 1074.780
8426.904 1067.390
8427.918 1078.700
8428.931 1075.732
8429.941 1096.659
8430.950 1108.897
8431.957 1081.237
8432.963 1081.850
8433.967 1074.146
8434.970 1080.575
8435.972 1059.537
8436.973 1068.100
8437.972 1072.450
8438.971 1061.250
8439.969 1058.000
8440.966 1078.615
8441.963 1071.854
8442.959 1075.146
8443.955 1076.950
8444.950 1075.725
8445.946 1086.098
8446.941 1108.256
8447.937 1084.268
8448.932 1087.439
8449.928 1084.927
8450.925 1088.103
8451.922 1069.450
8452.919 1080.150
8453.918 1085.525
8454.917 1080.951
8455.917 1082.098
8456.918 1077.171
8457.921 1080.951
8458.924 1073.769
8459.929 1079.737
8460.936 1083.375
8461.944 1088.732
8462.954 1074.488
8463.966 1104.683
8464.979 1091.538
8465.995 1099.850
8467.013 1102.821
8468.033 1093.146
8469.055 1074.585
8470.080 1077.902
8471.108 1075.805
8472.138 1076.805
8473.171 1078.073
8474.207 1092.024
8475.246 1080.756
8476.288 1079.775
8477.334 1074.829
8478.382 1084.410
8479.435 1081.225
8480.490 1088.341
8481.550 1074.923
8482.613 1066.244
8483.680 1073.625
8484.751 1094.390
8485.827 1088.333
8486.906 1074.700
8487.990 1087.195
8489.078 1077.049
8490.171 1075.390
8491.268 1091.146
8492.371 1088.300
8493.478 1089.925
8494.590 1086.475
8495.707 1088.610
8496.829 1077.923
8497.957 1088.268
8499.090 1079.750
8500.229 1077.732
8501.373 1091.000
8502.523 1101.878
8503.679 1097.951
8504.841 1089.659
8506.009 1114.927
8507.183 1092.275
8508.363 1088.122
8509.550 1103.175
8510.743 1097.775
8511.943 1080.659
8513.150 1100.000
8514.363 1095.732
8515.584 1099.927
8516.811 1087.000
8518.046 1087.073
8519.288 1104.073
8520.537 1074.615
8521.794 1094.805
8523.058 1088.244
8524.330 1107.439
8525.610 1081.073
8526.898 1088.902
8528.194 1081.600
8529.498 1097.875
8530.810 1085.325
8532.131 1090.475
8533.460 1094.125
8534.797 1084.000
8536.144 1108.268
8537.499 1082.976
8538.863 1083.795
8540.236 1091.976
8541.618 1082.683
8543.010 1101.220
8544.410 1092.700
8545.821 1095.974
8547.240 1096.732
8548.670 1106.610
8550.109 1094.450
8551.558 1100.263
8553.017 1099.902
8554.486 1080.732
8555.966 1097.850
8557.455 1101.341
8558.956 1090.902
8560.466 1090.575
8561.988 1094.780
8563.520 1088.150
8565.063 1086.195
8566.617 1078.000
8568.182 1075.231
8569.758 1082.854
8571.345 1089.049
8572.944 1094.350
8574.554 1085.976
8576.177 1089.415
8577.810 1081.146
8579.456 1106.150
8581.113 1098.415
8582.783 1078.732
8584.465 1081.634
8586.159 1097.282
8587.865 1091.171
8589.584 1079.275
8591.316 1073.000
8593.060 1084.146
8594.817 1089.300
8596.587 1093.132
8598.370 1079.415
8600.167 1092.488
8601.976 1083.854
8603.799 1086.950
8605.635 1086.610
8607.485 1102.049
8609.349 1083.282
8611.226 1080.564
8613.118 1085.463
8615.023 1075.780
8616.942 1086.878
8618.876 1086.805
8620.824 1100.325
8622.787 1077.525
8624.764 1095.488
8626.756 1083.756
8628.762 1074.900
8630.784 1089.463
8632.820 1087.317
8634.872 1076.805
8636.938 1086.902
8639.020 1076.171
8641.118 1078.171
8643.231 1081.659
8645.360 1073.390
8647.504 1075.600
8649.665 1080.854
8651.841 1083.800
8654.033 1075.154
8656.242 1088.829
8658.467 1065.976
8660.708 1072.425
8662.966 1081.024
8665.241 1087.561
8667.532 1068.950
8669.840 1070.359
8672.165 1074.675
8674.507 1088.487
8676.866 546.561
8679.243 0.000
8681.637 0.000
8684.049 0.000
8686.478 0.000
8688.924 0.000
8691.389 0.000
8693.872 0.000
8696.372 0.000
8698.891 0.000
8701.428 0.000
8703.984 0.000
8706.558 0.000
8709.150 0.000
8711.761 0.000
8714.391 0.000
8717.040 0.000
8719.708 0.000
8722.396 0.000
8725.102 0.000
8727.828 0.000
8730.573 0.000
