8101.250 0.000
8104.416 7.353
8107.561 6.765
8110.684 6.970
8113.786 6.912
8116.866 6.382
8119.925 6.618
8122.963 6.971
8125.980 8.029
8128.976 7.382
8131.951 7.324
8134.905 6.147
8137.839 6.212
8140.753 7.382
8143.646 7.235
8146.518 7.735
8149.371 7.939
8152.203 7.970
8155.016 8.088
8157.809 7.294
8160.582 7.059
8163.335 8.029
8166.069 7.235
8168.783 6.594
8171.478 6.697
8174.154 7.618
8176.811 7.088
8179.449 7.182
8182.068 7.794
8184.669 7.152
8187.250 6.121
8189.813 6.500
8192.358 5.667
8194.885 7.531
8197.393 6.485
8199.883 7.000
8202.355 7.206
8204.809 6.121
8207.246 7.121
8209.665 7.152
8212.066 7.118
8214.450 7.030
8216.816 6.912
8219.166 7.545
8221.498 8.412
8223.813 10.147
8226.111 11.559
8228.393 13.182
8230.658 15.455
8232.906 18.824
8235.138 18.912
8237.353 15.971
8239.552 16.265
8241.735 17.212
8243.902 17.559
8246.053 20.818
8248.189 20.818
8250.308 18.676
8252.412 16.882
8254.501 14.909
8256.574 12.265
8258.632 11.441
8260.675 14.941
8262.702 17.235
8264.715 22.765
8266.713 26.088
8268.696 24.406
8270.665 17.667
8272.619 15.559
8274.559 11.147
8276.484 8.848
8278.395 9.559
8280.292 8.394
8282.176 9.788
8284.045 9.273
8285.901 11.344
8287.743 11.765
8289.571 10.758
8291.386 11.059
8293.188 8.882
8294.976 7.156
8296.752 8.559
8298.514 7.788
8300.264 6.912
8302.001 8.485
8303.725 7.912
8305.437 6.394
8307.136 6.939
8308.823 7.697
8310.498 7.882
8312.160 7.206
8313.811 7.219
8315.449 7.273
8317.076 6.676
8318.692 6.941
8320.295 8.059
8321.888 7.545
8323.468 7.706
8325.038 8.000
8326.597 8.147
8328.144 7.382
8329.681 9.118
8331.207 11.618
8332.722 15.000
8334.226 25.061
8335.720 35.212
8337.204 45.485
8338.677 40.765
8340.141 33.485
8341.594 26.030
8343.037 20.939
8344.471 16.206
8345.894 15.727
8347.309 17.844
8348.713 21.394
8350.109 16.969
8351.495 15.606
8352.871 11.879
8354.239 9.559
8355.598 9.176
8356.948 9.941
8358.289 12.500
8359.622 18.353
8360.946 25.030
8362.262 30.706
8363.569 36.000
8364.869 35.912
8366.160 26.882
8367.443 19.529
8368.718 12.939
8369.986 9.941
8371.246 7.176
8372.498 7.000
8373.743 7.152
8374.981 7.676
8376.211 9.323
8377.435 9.618
8378.651 12.313
8379.861 15.091
8381.063 16.545
8382.259 15.647
8383.449 14.424
8384.632 10.455
8385.809 10.152
8386.979 8.147
8388.144 8.706
8389.302 7.545
8390.454 8.500
8391.601 7.794
8392.742 7.636
8393.877 10.000
8395.007 18.061
8396.132 22.735
8397.251 28.406
8398.365 32.515
8399.475 34.559
8400.579 26.182
8401.678 18.939
8402.773 13.938
8403.863 8.424
8404.949 7.455
8406.030 6.147
8407.107 7.545
8408.180 7.382
8409.249 8.235
8410.313 9.676
8411.375 10.647
8412.432 11.424
8413.485 15.971
8414.536 17.029
8415.582 18.424
8416.626 16.758
8417.666 16.818
8418.703 13.559
8419.738 11.088
8420.769 9.000
8421.798 7.500
8422.824 7.879
8423.847 8.606
8424.868 10.794
8425.887 14.706
8426.904 22.121
8427.918 29.941
8428.931 33.265
8429.941 39.697
8430.950 34.813
8431.957 35.576
8432.963 26.469
8433.967 21.147
8434.970 14.242
8435.972 9.250
8436.973 8.394
8437.972 8.781
8438.971 7.515
8439.969 6.882
8440.966 7.029
8441.963 10.735
8442.959 12.529
8443.955 21.353
8444.950 26.941
8445.946 33.242
8446.941 35.206
8447.937 36.529
8448.932 34.636
8449.928 27.781
8450.925 24.235
8451.922 20.382
8452.919 18.176
8453.918 16.176
8454.917 15.030
8455.917 11.303
8456.918 9.061
8457.921 8.375
8458.924 7.636
8459.929 8.303
8460.936 10.324
8461.944 15.971
8462.954 22.676
8463.966 27.031
8464.979 29.727
8465.995 29.559
8467.013 26.697
8468.033 21.576
8469.055 16.500
8470.080 11.455
8471.108 8.353
8472.138 9.029
8473.171 7.529
8474.207 7.485
8475.246 8.441
8476.288 7.818
8477.334 7.471
8478.382 9.469
8479.435 7.970
8480.490 8.794
8481.550 8.059
8482.613 9.059
8483.680 8.088
8484.751 8.059
8485.827 7.636
8486.906 7.697
8487.990 7.031
8489.078 8.529
8490.171 10.471
8491.268 11.485
8492.371 12.824
8493.478 15.212
8494.590 12.485
8495.707 12.735
8496.829 9.788
8497.957 10.485
8499.090 8.188
8500.229 8.344
8501.373 10.882
8502.523 14.118
8503.679 19.094
8504.841 21.182
8506.009 20.941
8507.183 18.176
8508.363 14.324
8509.550 11.424
8510.743 10.121
8511.943 8.353
8513.150 9.000
8514.363 8.059
8515.584 7.853
8516.811 8.265
8518.046 8.412
8519.288 8.030
8520.537 8.088
8521.794 8.912
8523.058 9.206
8524.330 9.879
8525.610 7.781
8526.898 10.294
8528.194 9.088
8529.498 7.303
8530.810 7.909
8532.131 8.333
8533.460 9.424
8534.797 8.212
8536.144 8.375
8537.499 8.412
8538.863 9.382
8540.236 9.118
8541.618 10.382
8543.010 11.333
8544.410 11.029
8545.821 9.688
8547.240 10.471
8548.670 9.882
8550.109 9.882
8551.558 10.118
8553.017 10.758
8554.486 13.152
8555.966 13.088
8557.455 11.882
8558.956 10.941
8560.466 9.382
8561.988 7.697
8563.520 6.750
8565.063 6.697
8566.617 8.765
8568.182 7.061
8569.758 8.382
8571.345 8.333
8572.944 8.000
8574.554 6.818
8576.177 7.529
8577.810 8.000
8579.456 7.588
8581.113 8.147
8582.783 7.029
8584.465 8.353
8586.159 7.344
8587.865 7.212
8589.584 7.375
8591.316 6.938
8593.060 8.324
8594.817 7.588
8596.587 6.879
8598.370 6.235
8600.167 7.000
8601.976 7.735
8603.799 7.424
8605.635 6.625
8607.485 9.030
8609.349 7.294
8611.226 9.529
8613.118 8.813
8615.023 8.606
8616.942 8.438
8618.876 7.970
8620.824 8.455
8622.787 9.636
8624.764 10.697
8626.756 10.882
8628.762 10.545
8630.784 8.882
8632.820 10.545
8634.872 8.529
8636.938 8.939
8639.020 8.242
8641.118 7.000
8643.231 7.788
8645.360 8.750
8647.504 8.061
8649.665 9.088
8651.841 9.618
8654.033 9.853
8656.242 9.848
8658.467 11.206
8660.708 11.206
8662.966 11.382
8665.241 12.676
8667.532 12.938
8669.840 11.706
8672.165 9.909
8674.507 8.303
8676.866 3.531
8679.243 0.000
8681.637 0.000
8684.049 0.000
8686.478 0.000
8688.924 0.000
8691.389 0.000
8693.872 0.000
8696.372 0.000
8698.891 0.000
8701.428 0.000
8703.984 0.000
8706.558 0.000
8709.150 0.000
8711.761 0.000
8714.391 0.000
8717.040 0.000
8719.708 0.000
8722.396 0.000
8725.102 0.000
8727.828 0.000
8730.573 0.000
