8237.257 0.000
8238.302 1037.723
8239.348 1045.617
8240.393 1021.511
8241.438 1039.404
8242.484 1026.277
8243.529 1036.298
8244.574 1033.170
8245.620 1039.644
8246.665 1054.319
8247.710 1032.149
8248.755 1053.370
8249.801 1053.404
8250.846 1034.936
8251.891 1042.756
8252.937 1032.000
8253.982 1037.957
8255.027 1038.596
8256.072 1054.021
8257.118 1054.587
8258.163 1040.809
8259.208 1041.391
8260.253 1050.277
8261.298 1048.362
8262.344 1046.660
8263.389 1035.609
8264.434 1055.596
8265.479 1040.587
8266.524 1044.222
8267.569 1054.894
8268.615 1041.426
8269.660 1052.756
8270.705 1045.660
8271.750 1059.213
8272.795 1061.156
8273.840 1048.844
8274.885 1051.630
8275.931 1056.638
8276.976 1055.723
8278.021 1062.234
8279.066 1054.864
8280.111 1050.447
8281.156 1062.298
8282.201 1063.809
8283.246 1053.511
8284.291 1057.851
8285.336 1056.457
8286.381 1068.021
8287.426 1078.717
8288.471 1072.468
8289.516 1080.915
8290.561 1076.378
8291.606 1060.787
8292.651 1070.340
8293.696 1081.638
8294.741 1071.130
8295.786 1085.128
8296.831 1079.447
8297.876 1078.255
8298.921 1074.106
8299.966 1065.319
8301.011 1082.936
8302.056 1075.468
8303.101 1071.383
8304.146 1094.723
8305.190 1088.936
8306.235 1089.532
8307.280 1095.067
8308.325 1087.383
8309.370 1068.894
8310.415 1074.000
8311.460 1077.913
8312.505 1079.404
8313.549 1078.766
8314.594 1074.065
8315.639 1084.696
8316.684 1085.089
8317.729 1084.413
8318.774 1074.660
8319.818 1077.978
8320.863 1080.000
8321.908 1072.255
8322.953 1082.196
8323.997 1078.711
8325.042 1077.319
8326.087 1091.255
8327.132 1083.043
8328.176 1077.383
8329.221 1083.170
8330.266 1085.217
8331.311 1083.170
8332.355 1085.043
8333.400 1065.787
8334.445 1076.915
8335.489 1079.000
8336.534 1084.085
8337.579 1091.255
8338.623 1085.956
8339.668 1090.234
8340.713 1087.021
8341.757 1098.333
8342.802 1098.787
8343.847 1099.804
8344.891 1113.511
8345.936 1115.957
8346.981 1124.511
8348.025 1140.444
8349.070 1133.638
8350.114 1119.500
8351.159 1113.702
8352.203 1107.787
8353.248 1115.978
8354.293 1115.596
8355.337 1105.809
8356.382 1118.696
8357.426 1128.553
8358.471 1114.745
8359.515 1111.915
8360.560 1097.413
8361.604 1106.043
8362.649 1111.043
8363.693 1118.217
8364.738 1104.106
8365.782 1127.596
8366.827 1128.128
8367.871 1129.553
8368.916 1125.644
8369.960 1112.283
8371.005 1130.457
8372.049 1120.178
8373.093 1116.191
8374.138 1122.872
8375.182 1123.283
8376.227 1129.553
8377.271 1128.745
8378.315 1113.378
8379.360 1118.022
8380.404 1115.830
8381.449 1138.340
8382.493 1130.404
8383.537 1135.261
8384.582 1130.511
8385.626 1132.256
8386.670 1125.170
8387.715 1127.532
8388.759 1135.681
8389.803 1125.787
8390.848 1134.809
8391.892 1113.089
8392.936 1127.622
8393.980 1136.089
8395.025 1139.298
8396.069 1151.298
8397.113 1166.936
8398.158 1156.894
8399.202 1151.213
8400.246 1153.109
8401.290 1146.935
8402.334 1132.362
8403.379 1128.532
8404.423 1133.065
8405.467 1124.978
8406.511 1149.319
8407.555 1128.400
8408.600 1129.617
8409.644 1132.872
8410.688 1139.170
8411.732 1153.638
8412.776 1152.111
8413.820 1161.304
8414.865 1149.702
8415.909 1148.617
8416.953 1161.277
8417.997 1146.778
8419.041 1130.468
8420.085 1142.362
8421.129 1151.234
8422.173 1138.723
8423.217 1137.404
8424.261 1136.298
8425.306 1155.404
8426.350 1161.239
8427.394 1178.362
8428.438 1185.043
8429.482 1184.043
8430.526 1175.689
8431.570 1184.064
8432.614 1161.872
8433.658 1168.574
8434.702 1140.087
8435.746 1150.851
8436.790 1137.085
8437.834 1155.149
8438.878 1149.532
8439.922 1162.111
8440.966 1161.106
8442.010 1155.953
8443.054 1142.468
8444.097 1170.574
8445.141 1155.383
8446.185 1161.255
8447.229 1166.426
8448.273 1161.761
8449.317 1171.447
8450.361 1154.000
8451.405 1176.870
8452.449 1168.391
8453.493 1169.532
8454.536 1168.043
8455.580 1177.000
8456.624 1171.872
8457.668 1141.182
8458.712 1150.711
8459.756 1176.021
8460.799 1160.766
8461.843 1153.733
8462.887 1166.979
8463.931 1171.830
8464.975 1174.565
8466.018 1199.217
8467.062 1182.652
8468.106 1182.106
8469.150 1175.933
8470.193 1179.660
8471.237 1167.022
8472.281 1164.043
8473.325 1153.511
8474.368 1158.533
8475.412 1172.064
8476.456 1172.319
8477.499 1163.064
8478.543 1171.087
8479.587 1166.809
8480.631 1165.696
8481.674 1169.830
8482.718 1172.239
8483.761 1172.596
8484.805 1160.404
8485.849 1159.298
8486.892 1182.733
8487.936 1178.830
8488.980 1171.957
8490.023 1160.217
8491.067 1163.783
8492.110 1186.809
8493.154 1190.630
8494.198 1182.957
8495.241 1186.978
8496.285 1180.043
8497.328 1183.617
8498.372 1187.511
8499.415 1184.553
8500.459 1171.851
8501.503 1179.170
8502.546 1160.851
8503.590 1187.021
8504.633 1191.089
8505.677 1195.370
8506.720 1180.191
8507.764 1186.106
8508.807 1190.565
8509.851 1184.064
8510.894 1172.511
8511.937 1185.979
8512.981 1170.830
8514.024 1175.170
8515.068 1168.213
8516.111 1180.319
8517.155 1176.578
8518.198 1180.511
8519.241 1179.191
8520.285 1174.787
8521.328 1196.362
8522.372 1172.787
8523.415 1183.467
8524.458 1183.111
8525.502 1176.913
8526.545 1179.191
8527.588 1175.978
8528.632 1173.809
8529.675 1177.178
8530.718 1182.128
8531.762 1197.089
8532.805 1187.915
8533.848 1171.128
8534.892 1195.021
8535.935 1185.872
8536.978 1186.489
8538.022 1171.283
8539.065 1191.596
8540.108 1182.574
8541.151 1181.674
8542.195 1191.891
8543.238 1205.200
8544.281 1183.568
8545.324 1189.085
8546.368 1184.532
8547.411 1187.200
8548.454 1176.130
8549.497 1184.587
8550.540 1189.106
8551.584 1183.128
8552.627 1180.255
8553.670 1183.787
8554.713 1184.872
8555.756 1177.787
8556.799 1174.979
8557.842 1194.681
8558.886 1191.702
8559.929 1193.362
8560.972 1188.000
8562.015 1174.217
8563.058 1174.348
8564.101 1182.660
8565.144 1188.609
8566.187 1175.468
8567.230 1183.391
8568.273 1179.809
8569.317 1181.191
8570.360 1188.213
8571.403 1178.191
8572.446 1177.298
8573.489 1164.191
8574.532 1183.894
8575.575 1173.478
8576.618 1177.848
8577.661 1176.128
8578.704 1183.702
8579.747 1185.809
8580.790 1177.447
8581.833 1177.532
8582.876 1174.913
8583.919 1174.739
8584.962 1184.170
8586.005 1186.191
8587.047 1182.021
8588.090 1176.261
8589.133 1190.277
8590.176 1191.021
8591.219 1179.255
8592.262 1186.043
8593.305 1178.723
8594.348 1183.795
8595.391 1174.979
8596.434 1179.170
8597.476 1185.255
8598.519 1166.739
8599.562 1169.809
8600.605 1185.511
8601.648 1180.915
8602.691 1181.255
8603.733 1175.702
8604.776 1173.085
8605.819 1177.638
8606.862 1179.128
8607.905 1174.638
8608.947 1181.609
8609.990 1183.630
8611.033 1175.698
8612.076 403.809
8613.118 0.000
8614.161 0.000
8615.204 0.000
8616.247 0.000
8617.289 0.000
8618.332 0.000
8619.375 0.000
8620.418 0.000
8621.460 0.000
8622.503 0.000
8623.546 0.000
8624.588 0.000
8625.631 0.000
8626.674 0.000
8627.716 0.000
8628.759 0.000
8629.802 0.000
8630.844 0.000
8631.887 0.000
8632.929 0.000
8633.972 0.000
