8237.257 0.000
8238.302 7.310
8239.348 6.786
8240.393 7.512
8241.438 7.220
8242.484 7.268
8243.529 7.452
8244.574 6.537
8245.620 8.214
8246.665 7.524
8247.710 9.048
8248.755 6.769
8249.801 8.976
8250.846 7.075
8251.891 8.690
8252.937 7.341
8253.982 8.119
8255.027 8.425
8256.072 7.927
8257.118 8.000
8258.163 8.881
8259.208 7.610
8260.253 7.810
8261.298 7.881
8262.344 7.900
8263.389 8.195
8264.434 7.024
8265.479 8.714
8266.524 6.463
8267.569 7.952
8268.615 7.524
8269.660 6.463
8270.705 8.024
8271.750 7.049
8272.795 7.308
8273.840 7.659
8274.885 8.381
8275.931 8.429
8276.976 7.619
8278.021 8.548
8279.066 7.750
8280.111 7.585
8281.156 7.293
8282.201 8.595
8283.246 8.690
8284.291 11.571
8285.336 11.744
8286.381 14.850
8287.426 19.171
8288.471 20.238
8289.516 20.537
8290.561 18.357
8291.606 18.119
8292.651 18.878
8293.696 17.951
8294.741 20.881
8295.786 21.390
8296.831 22.286
8297.876 19.000
8298.921 16.381
8299.966 14.024
8301.011 15.317
8302.056 15.595
8303.101 20.829
8304.146 24.262
8305.190 25.595
8306.235 24.167
8307.280 21.095
8308.325 16.024
8309.370 12.429
8310.415 9.952
8311.460 8.905
8312.505 10.049
8313.549 10.875
8314.594 12.780
8315.639 11.786
8316.684 13.143
8317.729 12.659
8318.774 11.524
8319.818 9.000
8320.863 8.488
8321.908 8.122
8322.953 8.524
8323.997 9.452
8325.042 9.366
8326.087 7.975
8327.132 7.643
8328.176 7.250
8329.221 8.098
8330.266 7.293
8331.311 7.561
8332.355 8.452
8333.400 9.024
8334.445 7.786
8335.489 7.585
8336.534 8.220
8337.579 7.732
8338.623 8.690
8339.668 9.024
8340.713 7.950
8341.757 8.857
8342.802 11.829
8343.847 13.390
8344.891 19.190
8345.936 25.050
8346.981 39.220
8348.025 47.810
8349.070 44.405
8350.114 35.659
8351.159 30.341
8352.203 22.100
8353.248 18.548
8354.293 18.429
8355.337 19.286
8356.382 21.690
8357.426 21.500
8358.471 15.929
8359.515 12.902
8360.560 10.488
8361.604 9.000
8362.649 9.262
8363.693 12.167
8364.738 16.190
8365.782 22.000
8366.827 24.683
8367.871 27.405
8368.916 26.000
8369.960 19.146
8371.005 14.927
8372.049 10.293
8373.093 8.659
8374.138 8.214
8375.182 8.238
8376.227 9.095
8377.271 9.268
8378.315 10.512
8379.360 12.167
8380.404 13.571
8381.449 15.275
8382.493 16.500
8383.537 18.143
8384.582 17.190
8385.626 14.952
8386.670 10.929
8387.715 10.780
8388.759 8.634
8389.803 9.667
8390.848 9.786
8391.892 9.900
8392.936 8.976
8393.980 10.317
8395.025 17.238
8396.069 25.548
8397.113 30.610
8398.158 35.000
8399.202 38.190
8400.246 30.690
8401.290 22.641
8402.334 15.700
8403.379 12.500
8404.423 9.429
8405.467 8.902
8406.511 8.357
8407.555 7.952
8408.600 9.146
8409.644 9.238
8410.688 10.214
8411.732 12.927
8412.776 16.619
8413.820 18.829
8414.865 19.929
8415.909 19.595
8416.953 16.952
8417.997 13.786
8419.041 10.100
8420.085 10.452
8421.129 8.952
8422.173 9.634
8423.217 9.463
8424.261 11.300
8425.306 17.122
8426.350 22.975
8427.394 32.429
8428.438 40.341
8429.482 43.881
8430.526 43.071
8431.570 37.857
8432.614 31.190
8433.658 20.341
8434.702 15.571
8435.746 11.786
8436.790 8.805
8437.834 9.095
8438.878 8.805
8439.922 8.929
8440.966 8.829
8442.010 9.929
8443.054 11.098
8444.097 13.690
8445.141 15.833
8446.185 17.976
8447.229 20.100
8448.273 19.357
8449.317 18.548
8450.361 19.512
8451.405 20.048
8452.449 19.619
8453.493 17.750
8454.536 16.929
8455.580 15.317
8456.624 13.381
8457.668 10.732
8458.712 8.439
8459.756 10.575
8460.799 8.738
8461.843 11.750
8462.887 18.732
8463.931 23.500
8464.975 27.500
8466.018 34.929
8467.062 33.262
8468.106 28.488
8469.150 24.357
8470.193 17.738
8471.237 12.275
8472.281 10.341
8473.325 9.415
8474.368 8.675
8475.412 8.524
8476.456 10.095
8477.499 8.333
8478.543 8.381
8479.587 7.976
8480.631 8.048
8481.674 8.167
8482.718 8.525
8483.761 8.095
8484.805 8.512
8485.849 9.024
8486.892 7.390
8487.936 7.548
8488.980 8.333
8490.023 9.000
8491.067 11.585
8492.110 13.634
8493.154 13.952
8494.198 13.875
8495.241 14.098
8496.285 13.024
8497.328 12.400
8498.372 10.690
8499.415 9.000
8500.459 10.524
8501.503 10.900
8502.546 16.900
8503.590 20.095
8504.633 22.976
8505.677 22.429
8506.720 21.512
8507.764 15.634
8508.807 12.667
8509.851 11.071
8510.894 9.268
8511.937 8.286
8512.981 7.825
8514.024 8.833
8515.068 8.238
8516.111 9.262
8517.155 8.905
8518.198 8.439
8519.241 8.786
8520.285 9.048
8521.328 9.024
8522.372 9.714
8523.415 8.610
8524.458 9.881
8525.502 9.025
8526.545 8.878
8527.588 9.143
8528.632 9.357
8529.675 8.857
8530.718 9.405
8531.762 9.452
8532.805 9.833
8533.848 10.524
8534.892 11.659
8535.935 11.571
8536.978 12.190
8538.022 12.738
8539.065 11.286
8540.108 9.250
8541.151 9.381
8542.195 10.450
8543.238 12.805
8544.281 13.286
8545.324 14.200
8546.368 15.341
8547.411 12.561
8548.454 11.333
8549.497 10.293
8550.540 10.000
8551.584 8.738
8552.627 8.786
8553.670 8.190
8554.713 8.439
8555.756 8.357
8556.799 8.667
8557.842 7.341
8558.886 7.878
8559.929 9.167
8560.972 9.024
8562.015 9.390
8563.058 7.119
8564.101 8.927
8565.144 9.167
8566.187 8.634
8567.230 8.195
8568.273 9.732
8569.317 9.190
8570.360 8.075
8571.403 9.143
8572.446 9.405
8573.489 8.881
8574.532 8.659
8575.575 8.537
8576.618 7.902
8577.661 8.366
8578.704 9.683
8579.747 9.103
8580.790 10.381
8581.833 10.098
8582.876 9.756
8583.919 9.125
8584.962 9.881
8586.005 10.643
8587.047 10.881
8588.090 10.756
8589.133 11.357
8590.176 12.643
8591.219 11.073
8592.262 11.310
8593.305 9.286
8594.348 7.650
8595.391 9.929
8596.434 9.220
8597.476 9.143
8598.519 9.927
8599.562 8.707
8600.605 9.854
8601.648 9.350
8602.691 11.500
8603.733 11.452
8604.776 14.238
8605.819 14.286
8606.862 13.902
8607.905 15.333
8608.947 14.098
8609.990 10.073
8611.033 8.976
8612.076 0.611
8613.118 0.000
8614.161 0.000
8615.204 0.000
8616.247 0.000
8617.289 0.000
8618.332 0.000
8619.375 0.000
8620.418 0.000
8621.460 0.000
8622.503 0.000
8623.546 0.000
8624.588 0.000
8625.631 0.000
8626.674 0.000
8627.716 0.000
8628.759 0.000
8629.802 0.000
8630.844 0.000
8631.887 0.000
8632.929 0.000
8633.972 0.000
