8380.000 14.128
8381.000 16.214
8382.000 17.732
8383.000 16.214
8384.000 14.128
8385.000 12.041
8386.000 9.954
8387.000 8.399
8388.000 8.285
8389.000 8.285
8390.000 8.285
8391.000 8.285
8392.000 8.285
8393.000 8.285
8394.000 8.690
8395.000 14.223
8396.000 21.645
8397.000 29.067
8398.000 36.489
8399.000 41.887
8400.000 36.489
8401.000 29.067
8402.000 21.645
8403.000 14.223
8404.000 8.690
8405.000 8.285
8406.000 8.285
8407.000 8.285
8408.000 8.285
8409.000 8.285
8410.000 8.430
8411.000 10.415
8412.000 13.077
8413.000 15.740
8414.000 18.402
8415.000 20.338
8416.000 18.402
8417.000 15.740
8418.000 13.077
8419.000 10.415
8420.000 8.430
8421.000 8.285
8422.000 8.285
8423.000 8.285
8424.000 8.285
8425.000 8.721
8426.000 14.675
8427.000 22.662
8428.000 30.648
8429.000 38.635
8430.000 44.444
8431.000 38.635
8432.000 30.648
8433.000 22.662
8434.000 14.675
8435.000 8.721
8436.000 8.285
8437.000 8.285
8438.000 8.285
8439.000 8.285
8440.000 8.285
8441.000 8.285
8442.000 8.285
8443.000 8.285
8444.000 8.285
8445.000 8.285
8446.000 8.285
8447.000 8.400
8448.000 9.969
8449.000 12.074
8450.000 14.179
8451.000 16.284
8452.000 17.815
8453.000 16.284
8454.000 14.179
8455.000 12.074
8456.000 9.969
8457.000 8.400
8458.000 8.285
8459.000 8.285
8460.000 8.581
8461.000 12.624
8462.000 18.048
8463.000 23.471
8464.000 28.895
8465.000 32.840
8466.000 28.895
8467.000 23.471
8468.000 18.048
8469.000 12.624
8470.000 8.581
8471.000 8.285
8472.000 8.285
8473.000 8.285
8474.000 8.285
8475.000 8.285
8476.000 8.285
8477.000 8.285
8478.000 8.285
8479.000 8.285
8480.000 8.285
8481.000 8.285
8482.000 8.285
8483.000 8.285
8484.000 8.285
8485.000 8.285
8486.000 8.285
8487.000 8.285
8488.000 8.350
8489.000 9.233
8490.000 10.417
8491.000 11.602
8492.000 12.787
8493.000 13.648
8494.000 12.787
8495.000 11.602
8496.000 10.417
8497.000 9.233
8498.000 8.350
8499.000 8.285
8500.000 8.432
8501.000 10.442
8502.000 13.139
8503.000 15.836
8504.000 18.532
8505.000 20.493
8506.000 18.532
8507.000 15.836
8508.000 13.139
8509.000 10.442
8510.000 8.432
8511.000 8.285
8512.000 8.285
8513.000 8.285
8514.000 8.285
8515.000 8.285
8516.000 8.285
8517.000 8.285
8518.000 8.285
8519.000 8.285
8520.000 8.285
8521.000 8.285
8522.000 8.285
8523.000 8.285
8524.000 8.285
8525.000 8.285
8526.000 8.285
