8285.0	0
8286.107894736842	160.15625
8287.215789473685	154.0909090909091
8288.323684210527	157.625
8289.431578947368	160.78787878787878
8290.53947368421	164.84375
8291.647368421052	157.53125
8292.755263157895	158.25
8293.863157894737	159.25
8294.97105263158	157.1290322580645
8296.078947368422	160.0625
8297.186842105262	149.59375
8298.294736842105	143.5625
8299.402631578947	136.1818181818182
8300.51052631579	143.8125
8301.618421052632	148.03030303030303
8302.726315789474	148.6969696969697
8303.834210526316	152.3939393939394
8304.942105263159	154.3030303030303
8306.05	156.25
8307.157894736842	164.33333333333334
8308.265789473684	163.375
8309.373684210526	161.96666666666667
8310.481578947369	157.8125
8311.589473684211	166.42424242424244
8312.697368421053	164.125
8313.805263157894	164.0909090909091
8314.913157894736	157.78787878787878
8316.021052631579	167.21875
8317.128947368421	163.15625
8318.236842105263	160.42424242424244
8319.344736842106	165.3939393939394
8320.452631578948	166.36363636363637
8321.560526315789	169.32258064516128
8322.668421052631	168.40625
8323.776315789473	163.42424242424244
8324.884210526316	175.46875
8325.992105263158	162.15151515151516
8327.1	226.0625
8328.207894736843	167.15625
8329.315789473685	156.24242424242425
8330.423684210526	164.59375
8331.531578947368	161.9090909090909
8332.63947368421	165.5625
8333.747368421053	172.84375
8334.855263157895	163.1875
8335.963157894737	169
8337.07105263158	168.41935483870967
8338.17894736842	172.6969696969697
8339.286842105263	166.3939393939394
8340.394736842105	169.48387096774192
8341.502631578947	162.21875
8342.61052631579	159.15625
8343.718421052632	167.5151515151515
8344.826315789474	159.84848484848484
8345.934210526315	158.6969696969697
8347.042105263157	161.15151515151516
8348.15	168.28125
8349.257894736842	165.75
8350.365789473684	163.36363636363637
8351.473684210527	172.1875
8352.581578947369	171.03030303030303
8353.689473684211	167.6060606060606
8354.797368421052	166.96969696969697
8355.905263157894	181.03225806451613
8357.013157894737	177.46875
8358.121052631579	168.66666666666666
8359.228947368421	171.96969696969697
8360.336842105264	165.84375
8361.444736842106	171.5625
8362.552631578947	168.57575757575756
8363.660526315789	165.4375
8364.768421052631	171.54545454545453
8365.876315789474	168.78125
8366.984210526316	168.6875
8368.092105263158	178.90322580645162
8369.2	177.0625
8370.307894736841	177.96875
8371.415789473684	181
8372.523684210526	178.8125
8373.631578947368	172.03125
8374.73947368421	164.21212121212122
8375.847368421053	161.6969696969697
8376.955263157895	166.9090909090909
8378.063157894738	171.03030303030303
8379.171052631578	169.5151515151515
8380.27894736842	167.66666666666666
8381.386842105263	169.42424242424244
8382.494736842105	172
8383.602631578948	176.59375
8384.71052631579	165.83333333333334
8385.818421052632	166.13333333333333
8386.926315789473	169.3939393939394
8388.034210526315	165.33333333333334
8389.142105263158	168.21875
8390.25	165.6875
8391.357894736842	168.75757575757575
8392.465789473685	160.74193548387098
8393.573684210527	170.32258064516128
8394.681578947368	172.625
8395.78947368421	168.4848484848485
8396.897368421052	162.34375
8398.005263157895	166
8399.113157894737	167.06060606060606
8400.22105263158	171.1818181818182
8401.328947368422	166.54545454545453
8402.436842105262	164.8125
8403.544736842105	169.4848484848485
8404.652631578947	169.84375
8405.76052631579	174
8406.868421052632	166.45454545454547
8407.976315789474	165.03125
8409.084210526316	168.1875
8410.192105263159	163.5
8411.3	168.63636363636363
8412.407894736842	173.34375
8413.515789473684	173.27272727272728
8414.623684210526	177.72727272727272
8415.731578947369	187.78125
8416.839473684211	194.84848484848484
8417.947368421053	199.03030303030303
8419.055263157894	202.53125
8420.163157894736	195.09375
8421.271052631579	184.96875
8422.378947368421	181.2258064516129
8423.486842105263	180.41935483870967
8424.594736842106	182.96875
8425.702631578948	186.3030303030303
8426.810526315789	184.59375
8427.918421052631	186.12121212121212
8429.026315789473	178.9375
8430.134210526316	180
8431.242105263158	179.15151515151516
8432.35	173.24242424242425
8433.457894736843	179.03030303030303
8434.565789473685	171.83870967741936
8435.673684210526	173.06060606060606
8436.781578947368	176.3030303030303
8437.88947368421	180.46875
8438.997368421053	182.28125
8440.105263157895	185.63636363636363
8441.213157894737	190.67741935483872
8442.32105263158	177.33333333333334
8443.42894736842	182.1818181818182
8444.536842105263	177.19354838709677
8445.644736842105	180.09375
8446.752631578947	175.625
8447.86052631579	184.75
8448.968421052632	176.65625
8450.076315789474	176.1875
8451.184210526315	174.6875
8452.292105263157	180
8453.4	180.5
8454.507894736842	178.46875
8455.615789473684	181.03030303030303
8456.723684210527	189.06060606060606
8457.831578947369	180.28125
8458.939473684211	180.59375
8460.047368421052	176.71875
8461.155263157894	183.1875
8462.263157894737	178.96875
8463.371052631579	180.1875
8464.478947368421	176.25
8465.586842105264	177.72727272727272
8466.694736842106	177.90625
8467.802631578947	177
8468.910526315789	175.0625
8470.018421052631	181.8125
8471.126315789474	183.90625
8472.234210526316	192.75
8473.342105263158	189.57575757575756
8474.45	206.4516129032258
8475.557894736841	197.71875
8476.665789473684	194.90625
8477.773684210526	189.34375
8478.881578947368	184.78787878787878
8479.98947368421	186.38709677419354
8481.097368421053	183.06451612903226
8482.205263157895	182.15625
8483.313157894736	182.84375
8484.421052631578	182.75
8485.52894736842	177.66666666666666
8486.636842105263	184.54545454545453
8487.744736842105	187.5151515151515
8488.852631578948	180.15151515151516
8489.96052631579	188.36363636363637
8491.068421052632	192.42424242424244
8492.176315789473	193.78125
8493.284210526315	185.84375
8494.392105263158	185.125
8495.5	185.65625
8496.607894736842	182.59375
8497.715789473685	185.27272727272728
8498.823684210527	179.84848484848484
8499.931578947368	185.5151515151515
8501.03947368421	192.15625
8502.147368421052	175
8503.255263157895	184.12121212121212
8504.363157894737	189.25
8505.47105263158	186.65625
8506.578947368422	202.625
8507.686842105264	203.1818181818182
8508.794736842105	208.78787878787878
8509.902631578947	234.03125
8511.01052631579	206.25
8512.118421052632	199.5483870967742
8513.226315789474	191.375
8514.334210526316	185.63636363636363
8515.442105263159	184.875
8516.55	178.9375
8517.657894736842	179.15625
8518.765789473684	184.63636363636363
8519.873684210526	177.90322580645162
8520.981578947369	190.03225806451613
8522.089473684211	183.71875
8523.197368421053	195.4375
8524.305263157894	184.375
8525.413157894736	185.71875
8526.521052631579	186.9090909090909
8527.628947368421	188.6875
8528.736842105263	187.5625
8529.844736842106	189.42424242424244
8530.952631578948	190.46875
8532.060526315789	195.27272727272728
8533.168421052631	192.34375
8534.276315789473	186.87878787878788
8535.384210526316	185.28125
8536.492105263158	186.09375
8537.6	190.15151515151516
8538.707894736843	182.1875
8539.815789473685	186.21875
8540.923684210526	188.625
8542.031578947368	183.09375
8543.13947368421	188.6875
8544.247368421053	189.1875
8545.355263157895	193.78787878787878
8546.463157894737	195
8547.57105263158	200.71875
8548.67894736842	195.27272727272728
8549.786842105263	201.1818181818182
8550.894736842105	208.21875
8552.002631578947	199.1290322580645
8553.11052631579	197
8554.218421052632	190.78125
8555.326315789474	187.375
8556.434210526315	187.34375
8557.542105263157	187.6969696969697
8558.65	185.90625
8559.757894736842	183.3030303030303
8560.865789473684	181.3125
8561.973684210527	189.27272727272728
8563.081578947369	181.71875
8564.189473684211	183.6060606060606
8565.297368421052	186.72727272727272
8566.405263157894	184.72727272727272
8567.513157894737	193.4375
8568.621052631579	191.1818181818182
8569.728947368421	181.34375
8570.836842105264	188.45454545454547
8571.944736842106	187.8181818181818
8573.052631578947	185.87878787878788
8574.160526315789	183.59375
8575.268421052631	187.58064516129033
8576.376315789474	185.21875
8577.484210526316	186.375
8578.592105263158	187.71875
8579.7	188.87878787878788
8580.807894736841	192.19354838709677
8581.915789473684	189.41935483870967
8583.023684210526	184.875
8584.131578947368	185.3030303030303
8585.23947368421	180.125
8586.347368421053	182.96875
8587.455263157895	178.40625
8588.563157894736	180.42424242424244
8589.671052631578	183.8125
8590.77894736842	189
8591.886842105263	193.03030303030303
8592.994736842105	194.06451612903226
8594.102631578948	198.90625
8595.21052631579	198
8596.318421052632	199.25
8597.426315789473	193.33333333333334
8598.534210526315	193.96774193548387
8599.642105263158	187.5151515151515
8600.75	188.8125
8601.857894736842	189.6875
8602.965789473685	182.42424242424244
8604.073684210527	183.80645161290323
8605.181578947368	184.375
8606.28947368421	187.4375
8607.397368421052	185
8608.505263157895	186.41935483870967
8609.613157894737	193.76666666666668
8610.72105263158	190.125
8611.828947368422	181.75
8612.936842105264	188.21875
8614.044736842105	197.3125
8615.152631578947	191.8181818181818
8616.26052631579	184.9375
8617.368421052632	186.21212121212122
8618.476315789474	186.0909090909091
8619.584210526316	188.5483870967742
8620.692105263159	188.36363636363637
8621.8	186
8622.907894736842	190.03030303030303
8624.015789473684	183.03030303030303
8625.123684210526	185.87878787878788
8626.231578947369	194.4375
8627.339473684211	190.09677419354838
8628.447368421053	183.7741935483871
8629.555263157894	179.5
8630.663157894736	174.1875
8631.771052631579	177.78125
8632.878947368421	170.6969696969697
8633.986842105263	171.24242424242425
8635.094736842106	176.03125
8636.202631578948	185.03030303030303
8637.310526315789	194.5
8638.418421052631	183.78787878787878
8639.526315789473	187.6969696969697
8640.634210526316	181.57575757575756
8641.742105263158	186
8642.85	189.0909090909091
8643.957894736843	190.65625
8645.065789473685	192.3125
8646.173684210526	184.27272727272728
8647.281578947368	191.93548387096774
8648.38947368421	186.625
8649.497368421053	189
8650.605263157895	188.9375
8651.713157894737	187
8652.82105263158	190.27272727272728
8653.92894736842	186.28125
8655.036842105263	185.21875
8656.144736842105	195.46875
8657.252631578947	192.42424242424244
8658.36052631579	190.65625
8659.468421052632	186.6875
8660.576315789474	189.5625
8661.684210526315	186.28125
8662.792105263157	184.27272727272728
8663.9	195.96774193548387
8665.007894736842	194.3548387096774
8666.115789473684	188.3125
8667.223684210527	187.625
8668.331578947369	189.125
8669.439473684211	191.67741935483872
8670.547368421052	188.90625
8671.655263157894	186.63636363636363
8672.763157894737	193.46875
8673.871052631579	187.0909090909091
8674.978947368421	190
8676.086842105264	185.875
8677.194736842106	189.93939393939394
8678.302631578947	189.5
8679.410526315789	191.34375
8680.518421052631	186.66666666666666
8681.626315789474	187.21875
8682.734210526316	191.34375
8683.842105263158	197.78787878787878
8684.95	189
8686.057894736841	185.03125
8687.165789473684	189.71875
8688.273684210526	184.625
8689.381578947368	184.06060606060606
8690.48947368421	191.625
8691.597368421053	185.71875
8692.705263157895	191.375
8693.813157894736	190.87878787878788
8694.921052631578	189.1875
8696.02894736842	185.59375
8697.136842105263	196.96969696969697
8698.244736842105	192.5151515151515
8699.352631578948	259.5
8700.46052631579	188.375
8701.568421052632	191.72727272727272
8702.676315789473	63.53125
8703.784210526315	0
8704.892105263158	0
8706.0	0
