8085.793 0.000
8088.852 160.156
8091.892 154.091
8094.912 157.625
8097.912 160.788
8100.894 164.844
8103.856 157.531
8106.799 158.250
8109.724 159.250
8112.629 157.129
8115.516 160.063
8118.383 149.594
8121.233 143.563
8124.063 136.182
8126.876 143.813
8129.670 148.030
8132.445 148.697
8135.203 152.394
8137.942 154.303
8140.664 156.250
8143.367 164.333
8146.053 163.375
8148.721 161.967
8151.371 157.813
8154.004 166.424
8156.619 164.125
8159.218 164.091
8161.798 157.788
8164.362 167.219
8166.908 163.156
8169.438 160.424
8171.951 165.394
8174.447 166.364
8176.926 169.323
8179.388 168.406
8181.834 163.424
8184.264 175.469
8186.677 162.152
8189.073 226.063
8191.454 167.156
8193.819 156.242
8196.167 164.594
8198.500 161.909
8200.817 165.563
8203.118 172.844
8205.404 163.188
8207.673 169.000
8209.928 168.419
8212.167 172.697
8214.391 166.394
8216.600 169.484
8218.793 162.219
8220.972 159.156
8223.135 167.515
8225.284 159.848
8227.418 158.697
8229.538 161.152
8231.643 168.281
8233.733 165.750
8235.809 163.364
8237.871 172.188
8239.919 171.030
8241.952 167.606
8243.972 166.970
8245.977 181.032
8247.969 177.469
8249.947 168.667
8251.911 171.970
8253.862 165.844
8255.799 171.563
8257.723 168.576
8259.634 165.438
8261.531 171.545
8263.416 168.781
8265.287 168.688
8267.145 178.903
8268.991 177.063
8270.824 177.969
8272.644 181.000
8274.451 178.813
8276.247 172.031
8278.029 164.212
8279.800 161.697
8281.558 166.909
8283.304 171.030
8285.038 169.515
8286.760 167.667
8288.471 169.424
8290.169 172.000
8291.856 176.594
8293.531 165.833
8295.195 166.133
8296.848 169.394
8298.489 165.333
8300.119 168.219
8301.738 165.688
8303.346 168.758
8304.942 160.742
8306.528 170.323
8308.104 172.625
8309.668 168.485
8311.222 162.344
8312.766 166.000
8314.299 167.061
8315.822 171.182
8317.334 166.545
8318.837 164.813
8320.329 169.485
8321.812 169.844
8323.284 174.000
8324.747 166.455
8326.201 165.031
8327.644 168.188
8329.078 163.500
8330.503 168.636
8331.918 173.344
8333.325 173.273
8334.722 177.727
8336.110 187.781
8337.489 194.848
8338.859 199.030
8340.220 202.531
8341.573 195.094
8342.917 184.969
8344.253 181.226
8345.580 180.419
8346.899 182.969
8348.210 186.303
8349.512 184.594
8350.807 186.121
8352.094 178.938
8353.372 180.000
8354.643 179.152
8355.906 173.242
8357.162 179.030
8358.410 171.839
8359.651 173.061
8360.884 176.303
8362.111 180.469
8363.330 182.281
8364.541 185.636
8365.746 190.677
8366.945 177.333
8368.136 182.182
8369.321 177.194
8370.499 180.094
8371.670 175.625
8372.835 184.750
8373.994 176.656
8375.147 176.188
8376.293 174.688
8377.433 180.000
8378.568 180.500
8379.696 178.469
8380.819 181.030
8381.936 189.061
8383.047 180.281
8384.153 180.594
8385.254 176.719
8386.349 183.188
8387.439 178.969
8388.523 180.188
8389.603 176.250
8390.678 177.727
8391.747 177.906
8392.812 177.000
8393.873 175.063
8394.928 181.813
8395.979 183.906
8397.026 192.750
8398.068 189.576
8399.107 206.452
8400.141 197.719
8401.170 194.906
8402.196 189.344
8403.218 184.788
8404.237 186.387
8405.251 183.065
8406.262 182.156
8407.269 182.844
8408.273 182.750
8409.274 177.667
8410.271 184.545
8411.265 187.515
8412.256 180.152
8413.244 188.364
8414.229 192.424
8415.212 193.781
8416.191 185.844
8417.168 185.125
8418.143 185.656
8419.115 182.594
8420.084 185.273
8421.052 179.848
8422.017 185.515
8422.980 192.156
8423.941 175.000
8424.901 184.121
8425.858 189.250
8426.814 186.656
8427.768 202.625
8428.720 203.182
8429.671 208.788
8430.621 234.031
8431.570 206.250
8432.517 199.548
8433.463 191.375
8434.408 185.636
8435.352 184.875
8436.296 178.938
8437.239 179.156
8438.181 184.636
8439.122 177.903
8440.063 190.032
8441.004 183.719
8441.944 195.438
8442.885 184.375
8443.825 185.719
8444.765 186.909
8445.705 188.688
8446.646 187.563
8447.586 189.424
8448.527 190.469
8449.469 195.273
8450.411 192.344
8451.353 186.879
8452.297 185.281
8453.241 186.094
8454.186 190.152
8455.132 182.188
8456.079 186.219
8457.027 188.625
8457.977 183.094
8458.928 188.688
8459.880 189.188
8460.834 193.788
8461.789 195.000
8462.746 200.719
8463.705 195.273
8464.666 201.182
8465.629 208.219
8466.594 199.129
8467.561 197.000
8468.530 190.781
8469.502 187.375
8470.476 187.344
8471.453 187.697
8472.432 185.906
8473.414 183.303
8474.399 181.313
8475.386 189.273
8476.377 181.719
8477.371 183.606
8478.367 186.727
8479.368 184.727
8480.371 193.438
8481.378 191.182
8482.388 181.344
8483.402 188.455
8484.420 187.818
8485.441 185.879
8486.467 183.594
8487.496 187.581
8488.529 185.219
8489.567 186.375
8490.608 187.719
8491.655 188.879
8492.705 192.194
8493.760 189.419
8494.820 184.875
8495.884 185.303
8496.953 180.125
8498.027 182.969
8499.106 178.406
8500.190 180.424
8501.279 183.813
8502.373 189.000
8503.473 193.030
8504.578 194.065
8505.689 198.906
8506.805 198.000
8507.927 199.250
8509.054 193.333
8510.188 193.968
8511.327 187.515
8512.473 188.813
8513.624 189.688
8514.782 182.424
8515.947 183.806
8517.117 184.375
8518.294 187.438
8519.478 185.000
8520.668 186.419
8521.865 193.767
8523.069 190.125
8524.280 181.750
8525.498 188.219
8526.724 197.313
8527.956 191.818
8529.196 184.938
8530.443 186.212
8531.697 186.091
8532.959 188.548
8534.229 188.364
8535.507 186.000
8536.792 190.030
8538.086 183.030
8539.387 185.879
8540.696 194.438
8542.014 190.097
8543.340 183.774
8544.675 179.500
8546.018 174.188
8547.369 177.781
8548.729 170.697
8550.098 171.242
8551.476 176.031
8552.863 185.030
8554.259 194.500
8555.663 183.788
8557.078 187.697
8558.501 181.576
8559.934 186.000
8561.376 189.091
8562.828 190.656
8564.289 192.313
8565.760 184.273
8567.242 191.935
8568.733 186.625
8570.234 189.000
8571.745 188.938
8573.266 187.000
8574.798 190.273
8576.340 186.281
8577.892 185.219
8579.455 195.469
8581.029 192.424
8582.613 190.656
8584.209 186.688
8585.815 189.563
8587.432 186.281
8589.061 184.273
8590.700 195.968
8592.351 194.355
8594.013 188.313
8595.687 187.625
8597.372 189.125
8599.069 191.677
8600.778 188.906
8602.498 186.636
8604.230 193.469
8605.975 187.091
8607.731 190.000
8609.500 185.875
8611.281 189.939
8613.074 189.500
8614.880 191.344
8616.698 186.667
8618.529 187.219
8620.373 191.344
8622.230 197.788
8624.099 189.000
8625.982 185.031
8627.877 189.719
8629.786 184.625
8631.708 184.061
8633.643 191.625
8635.592 185.719
8637.554 191.375
8639.530 190.879
8641.520 189.188
8643.524 185.594
8645.541 196.970
8647.573 192.515
8649.618 259.500
8651.678 188.375
8653.752 191.727
8655.840 63.531
8657.943 0.000
8660.060 0.000
8662.192 0.000
