8085.793 0.000
8088.852 1837.889
8091.892 1808.629
8094.912 1811.378
8097.912 1817.324
8100.894 1818.676
8103.856 1813.486
8106.799 1837.892
8109.724 1815.135
8112.629 1824.676
8115.516 1807.297
8118.383 1789.865
8121.233 1801.027
8124.063 1803.289
8126.876 1783.132
8129.670 1804.632
8132.445 1812.486
8135.203 1850.865
8137.942 1834.162
8140.664 1819.135
8143.367 1854.222
8146.053 1816.027
8148.721 1836.892
8151.371 1831.486
8154.004 1827.528
8156.619 1830.541
8159.218 1822.622
8161.798 1860.972
8164.362 1876.622
8166.908 1825.973
8169.438 1846.216
8171.951 1852.189
8174.447 1884.595
8176.926 1846.667
8179.388 1850.270
8181.834 1823.000
8184.264 1821.684
8186.677 1862.135
8189.073 1845.000
8191.454 1859.162
8193.819 1860.000
8196.167 1848.737
8198.500 1837.686
8200.817 1953.973
8203.118 1851.556
8205.404 1864.568
8207.673 1835.605
8209.928 1836.056
8212.167 1867.919
8214.391 1866.459
8216.600 1841.054
8218.793 1843.667
8220.972 1856.081
8223.135 1934.486
8225.284 1888.972
8227.418 1846.622
8229.538 1868.639
8231.643 1852.757
8233.733 1846.108
8235.809 1839.270
8237.871 1880.054
8239.919 1874.912
8241.952 1875.500
8243.972 1844.667
8245.977 1909.000
8247.969 1879.917
8249.947 1888.000
8251.911 1888.250
8253.862 1898.730
8255.799 1881.216
8257.723 1877.528
8259.634 1937.778
8261.531 1875.081
8263.416 1881.622
8265.287 1885.158
8267.145 1893.054
8268.991 1877.486
8270.824 1896.757
8272.644 1872.216
8274.451 1886.892
8276.247 1891.083
8278.029 1877.297
8279.800 1866.444
8281.558 1863.081
8283.304 1884.892
8285.038 1907.054
8286.760 1890.639
8288.471 1901.189
8290.169 1895.528
8291.856 1905.486
8293.531 1890.000
8295.195 1882.583
8296.848 1877.278
8298.489 1915.595
8300.119 1871.108
8301.738 1891.972
8303.346 1902.056
8304.942 1919.405
8306.528 1892.972
8308.104 1901.842
8309.668 1893.568
8311.222 1893.694
8312.766 1908.514
8314.299 1912.081
8315.822 1904.081
8317.334 1934.861
8318.837 1919.361
8320.329 1910.000
8321.812 1889.500
8323.284 1907.216
8324.747 1908.703
8326.201 1961.081
8327.644 1926.000
8329.078 1908.639
8330.503 1919.972
8331.918 1915.027
8333.325 1912.750
8334.722 1961.194
8336.110 1951.889
8337.489 1938.333
8338.859 1926.368
8340.220 1962.189
8341.573 1945.639
8342.917 1917.895
8344.253 1920.541
8345.580 1914.222
8346.899 1935.306
8348.210 1942.158
8349.512 1921.270
8350.807 1927.395
8352.094 1952.694
8353.372 1940.946
8354.643 1935.568
8355.906 1915.919
8357.162 1925.286
8358.410 1931.919
8359.651 1926.222
8360.884 1944.189
8362.111 1958.528
8363.330 1935.892
8364.541 1958.189
8365.746 1959.611
8366.945 1938.676
8368.136 1955.000
8369.321 1937.722
8370.499 1930.611
8371.670 1950.750
8372.835 2012.861
8373.994 1955.946
8375.147 1952.889
8376.293 1942.757
8377.433 1985.892
8378.568 1946.974
8379.696 1940.297
8380.819 1969.757
8381.936 1983.389
8383.047 1965.135
8384.153 1978.568
8385.254 2003.861
8386.349 1977.028
8387.439 1979.919
8388.523 1953.686
8389.603 1975.432
8390.678 1973.486
8391.747 1963.389
8392.812 1953.541
8393.873 1962.297
8394.928 1991.054
8395.979 2059.306
8397.026 2056.054
8398.068 1986.297
8399.107 1991.222
8400.141 1976.649
8401.170 1963.056
8402.196 1965.583
8403.218 1979.730
8404.237 2079.432
8405.251 2054.297
8406.262 1984.278
8407.269 2012.270
8408.273 1968.833
8409.274 1966.842
8410.271 1996.200
8411.265 1981.316
8412.256 2007.639
8413.244 2010.167
8414.229 2006.108
8415.212 1998.189
8416.191 1974.297
8417.168 1984.842
8418.143 2030.000
8419.115 2005.757
8420.084 1992.270
8421.052 2024.541
8422.017 1967.389
8422.980 1997.297
8423.941 1979.703
8424.901 2017.514
8425.858 2022.857
8426.814 2007.514
8427.768 1992.722
8428.720 2039.861
8429.671 2024.676
8430.621 2024.472
8431.570 2076.649
8432.517 2042.919
8433.463 1992.171
8434.408 1987.917
8435.352 2020.297
8436.296 1993.189
8437.239 2013.944
8438.181 1991.500
8439.122 1995.730
8440.063 1992.162
8441.004 2001.162
8441.944 2004.351
8442.885 2033.351
8443.825 2012.056
8444.765 2058.405
8445.705 2043.667
8446.646 2017.324
8447.586 2022.639
8448.527 1997.556
8449.469 2049.459
8450.411 2011.639
8451.353 2024.432
8452.297 2025.135
8453.241 2062.081
8454.186 2026.676
8455.132 2018.595
8456.079 2007.270
8457.027 2012.917
8457.977 1997.595
8458.928 2028.297
8459.880 2029.757
8460.834 2000.472
8461.789 2028.649
8462.746 2016.289
8463.705 2026.676
8464.666 2060.778
8465.629 2004.108
8466.594 2040.189
8467.561 2059.167
8468.530 2040.514
8469.502 2070.028
8470.476 2039.667
8471.453 2038.139
8472.432 2046.541
8473.414 2021.324
8474.399 2021.514
8475.386 2044.108
8476.377 2044.611
8477.371 2005.595
8478.367 2007.789
8479.368 2023.583
8480.371 2030.838
8481.378 2019.162
8482.388 2063.833
8483.402 2005.514
8484.420 2065.514
8485.441 2048.730
8486.467 2041.306
8487.496 2014.568
8488.529 2034.361
8489.567 2275.973
8490.608 2033.892
8491.655 2046.028
8492.705 2040.444
8493.760 2016.167
8494.820 2018.324
8495.884 2018.583
8496.953 2044.405
8498.027 2044.541
8499.106 2020.486
8500.190 2024.351
8501.279 2028.676
8502.373 2044.541
8503.473 2031.833
8504.578 2047.486
8505.689 2088.500
8506.805 2051.703
8507.927 2057.189
8509.054 2072.139
8510.188 2081.500
8511.327 2041.694
8512.473 2073.324
8513.624 2133.270
8514.782 2043.919
8515.947 2101.027
8517.117 2121.892
8518.294 2031.528
8519.478 2054.861
8520.668 2052.405
8521.865 2050.429
8523.069 2008.105
8524.280 2078.757
8525.498 2048.528
8526.724 2053.459
8527.956 2062.405
8529.196 2054.568
8530.443 2110.270
8531.697 2038.757
8532.959 2044.162
8534.229 2052.895
8535.507 2012.405
8536.792 2051.833
8538.086 2176.649
8539.387 2033.132
8540.696 2052.459
8542.014 2043.333
8543.340 2039.541
8544.675 2017.676
8546.018 2061.611
8547.369 2006.405
8548.729 2037.189
8550.098 2056.486
8551.476 2051.028
8552.863 2063.694
8554.259 2060.143
8555.663 2090.189
8557.078 2049.500
8558.501 2077.778
8559.934 2086.946
8561.376 2080.833
8562.828 2041.946
8564.289 2043.108
8565.760 2036.757
8567.242 2061.784
8568.733 2036.947
8570.234 2031.514
8571.745 2040.216
8573.266 2105.459
8574.798 2088.583
8576.340 2055.892
8577.892 2054.162
8579.455 2174.162
8581.029 2061.583
8582.613 2062.000
8584.209 2051.111
8585.815 2048.730
8587.432 2045.833
8589.061 2050.351
8590.700 2081.919
8592.351 2047.811
8594.013 2049.027
8595.687 2048.757
8597.372 2051.973
8599.069 2043.389
8600.778 2054.514
8602.498 2047.973
8604.230 2051.838
8605.975 2044.194
8607.731 2068.703
8609.500 2058.278
8611.281 2045.541
8613.074 2068.432
8614.880 2070.054
8616.698 2065.432
8618.529 2068.784
8620.373 2056.026
8622.230 2053.947
8624.099 2066.378
8625.982 2076.543
8627.877 2041.222
8629.786 2037.056
8631.708 2044.703
8633.643 2048.703
8635.592 2094.459
8637.554 2043.278
8639.530 2042.324
8641.520 2050.865
8643.524 2059.184
8645.541 2062.189
8647.573 2062.583
8649.618 2066.105
8651.678 2070.472
8653.752 1931.568
8655.840 899.579
8657.943 0.000
8660.060 0.000
8662.192 0.000
