8096.019 0.000
8098.928 1603.133
8101.819 1591.467
8104.691 1589.433
8107.546 1587.833
8110.383 1589.793
8113.202 1611.793
8116.003 1586.536
8118.787 1591.700
8121.554 1601.667
8124.303 1599.567
8127.034 1589.414
8129.749 1598.367
8132.446 1587.867
8135.126 1623.000
8137.789 1593.241
8140.435 1589.967
8143.064 1586.552
8145.677 1575.633
8148.273 1617.300
8150.852 1606.000
8153.415 1598.448
8155.961 1602.400
8158.491 1611.600
8161.005 1607.333
8163.503 1605.621
8165.984 1607.931
8168.450 1619.067
8170.899 1619.700
8173.333 1606.621
8175.751 1605.567
8178.153 1619.567
8180.540 1610.500
8182.912 1623.033
8185.267 1601.167
8187.608 1602.033
8189.933 1627.167
8192.243 1634.500
8194.538 1610.345
8196.818 1606.467
8199.084 1618.800
8201.334 1621.517
8203.569 1607.733
8205.790 1617.900
8207.997 1607.167
8210.188 1612.267
8212.366 1611.000
8214.529 1628.690
8216.678 1624.933
8218.812 1639.759
8220.933 1621.600
8223.040 1624.133
8225.132 1617.034
8227.211 1634.767
8229.276 1641.400
8231.328 1643.897
8233.366 1635.414
8235.390 1621.643
8237.401 1636.448
8239.399 1623.655
8241.383 1652.267
8243.355 1627.700
8245.313 1638.733
8247.258 1644.533
8249.191 1624.690
8251.110 1629.800
8253.017 1661.310
8254.911 1652.931
8256.793 1654.933
8258.662 1656.000
8260.518 1638.690
8262.363 1627.034
8264.195 1637.100
8266.015 1663.700
8267.823 1672.000
8269.619 1655.967
8271.403 1676.655
8273.175 1681.433
8274.935 1646.700
8276.684 1658.400
8278.422 1656.967
8280.147 1646.433
8281.862 1647.964
8283.565 1655.533
8285.257 1653.067
8286.937 1661.200
8288.607 1657.500
8290.266 1661.633
8291.914 1658.367
8293.550 1665.793
8295.177 1665.929
8296.792 1654.621
8298.397 1658.897
8299.992 1670.071
8301.576 1674.379
8303.150 1656.233
8304.714 1667.600
8306.267 1677.200
8307.811 1674.933
8309.344 1661.724
8310.868 1658.500
8312.382 1646.200
8313.886 1654.321
8315.380 1648.310
8316.865 1680.600
8318.340 1677.333
8319.806 1667.966
8321.263 1690.867
8322.711 1668.367
8324.149 1686.931
8325.578 1679.200
8326.999 1675.862
8328.410 1651.700
8329.813 1669.933
8331.207 1667.967
8332.592 1684.172
8333.969 1688.552
8335.337 1676.700
8336.697 1710.833
8338.049 1720.667
8339.392 1732.759
8340.727 1731.200
8342.055 1717.071
8343.374 1702.733
8344.685 1696.143
8345.989 1687.310
8347.285 1689.267
8348.573 1716.207
8349.854 1699.667
8351.127 1686.500
8352.393 1704.767
8353.651 1686.393
8354.903 1708.100
8356.147 1692.500
8357.384 1701.100
8358.615 1688.367
8359.838 1704.833
8361.055 1697.483
8362.264 1702.733
8363.468 1719.700
8364.664 1716.667
8365.855 1708.967
8367.039 1703.733
8368.216 1696.067
8369.388 1689.862
8370.553 1707.167
8371.712 1690.667
8372.865 1703.700
8374.013 1691.655
8375.154 1707.586
8376.290 1721.867
8377.421 1720.034
8378.545 1710.167
8379.665 1751.600
8380.779 1729.100
8381.887 1708.103
8382.991 1707.724
8384.089 1713.034
8385.183 1720.300
8386.271 1730.500
8387.355 1717.036
8388.433 1721.833
8389.507 1713.321
8390.577 1708.357
8391.642 1715.467
8392.702 1726.900
8393.758 1728.367
8394.810 1732.600
8395.858 1740.414
8396.901 1761.310
8397.941 1763.667
8398.976 1748.172
8400.008 1737.172
8401.036 1726.036
8402.060 1750.536
8403.081 1724.333
8404.098 1719.267
8405.111 1726.067
8406.122 1730.200
8407.129 1725.464
8408.132 1729.517
8409.133 1750.000
8410.131 1739.167
8411.126 1732.233
8412.117 1733.133
8413.107 1715.310
8414.093 1740.967
8415.077 1739.533
8416.058 1745.800
8417.037 1758.867
8418.014 1742.667
8418.988 1733.333
8419.960 1741.400
8420.930 1752.833
8421.898 1732.571
8422.864 1763.700
8423.828 1761.500
8424.790 1751.862
8425.751 1768.036
8426.710 1764.071
8427.668 1763.867
8428.624 1785.067
8429.579 1775.500
8430.532 1768.643
8431.485 1781.571
8432.436 1780.533
8433.386 1760.167
8434.336 1747.500
8435.284 1748.536
8436.232 1735.433
8437.179 1745.067
8438.126 1741.103
8439.072 1747.033
8440.017 1762.367
8440.962 1727.393
8441.907 1772.267
8442.852 1765.133
8443.797 1754.700
8444.741 1762.103
8445.686 1760.833
8446.631 1768.207
8447.576 1757.267
8448.522 1763.567
8449.467 1753.276
8450.414 1774.333
8451.361 1783.393
8452.308 1772.733
8453.257 1769.033
8454.206 1779.467
8455.156 1768.933
8456.107 1740.633
8457.059 1756.000
8458.013 1755.552
8458.967 1745.759
8459.923 1780.414
8460.881 1773.533
8461.839 1766.233
8462.800 1779.900
8463.762 1808.700
8464.726 1810.933
8465.691 1770.000
8466.659 1779.100
8467.629 1794.552
8468.600 1760.167
8469.574 1751.533
8470.550 1764.367
8471.529 1761.333
8472.510 1756.867
8473.493 1777.867
8474.479 1769.567
8475.468 1791.483
8476.459 1757.167
8477.453 1771.400
8478.450 1793.200
8479.450 1768.600
8480.454 1768.833
8481.460 1777.967
8482.470 1770.000
8483.483 1777.517
8484.499 1771.333
8485.519 1776.833
8486.543 1791.033
8487.570 1775.000
8488.601 1782.267
8489.636 1774.633
8490.675 1780.833
8491.717 1794.567
8492.764 1777.067
8493.815 1794.800
8494.871 1795.367
8495.930 1788.033
8496.994 1784.600
8498.063 1774.967
8499.136 1785.897
8500.214 1779.793
8501.297 1799.033
8502.384 1780.345
8503.477 1812.133
8504.574 1800.143
8505.676 1807.552
8506.784 1782.100
8507.897 1797.667
8509.016 1787.700
8510.139 1771.828
8511.269 1784.367
8512.404 1775.429
8513.544 1770.267
8514.690 1774.679
8515.843 1796.267
8517.001 1780.433
8518.165 1784.464
8519.335 1787.759
8520.512 1786.552
8521.695 1792.967
8522.884 1783.633
8524.079 1816.033
8525.281 1792.536
8526.490 1793.600
8527.705 1769.967
8528.927 1807.533
8530.156 1803.567
8531.392 1789.600
8532.635 1791.933
8533.885 1784.900
8535.143 1789.100
8536.407 1794.633
8537.679 1793.933
8538.958 1808.400
8540.245 1791.483
8541.540 1793.964
8542.842 1820.567
8544.152 1773.667
8545.470 1798.200
8546.796 1796.833
8548.129 1799.667
8549.471 1791.267
8550.821 1806.286
8552.180 1799.690
8553.547 1799.700
8554.922 1809.933
8556.306 1808.467
8557.698 1814.267
8559.099 1812.897
8560.509 1793.400
8561.928 1793.933
8563.355 1781.833
8564.792 1777.655
8566.238 1809.533
8567.693 1794.367
8569.157 1798.033
8570.631 1811.448
8572.114 1796.167
8573.607 1792.967
8575.109 1795.724
8576.621 1791.300
8578.143 1802.367
8579.674 1782.586
8581.216 1805.333
8582.768 1807.500
8584.330 1793.033
8585.902 1820.600
8587.484 1802.067
8589.077 1805.138
8590.680 1813.345
8592.293 1790.867
8593.918 1808.700
8595.553 1814.700
8597.199 1781.933
8598.855 1796.633
8600.523 1810.533
8602.202 1795.267
8603.891 1799.367
8605.592 1798.233
8607.305 1807.733
8609.028 1789.867
8610.764 1781.621
8612.510 1803.552
8614.269 1811.333
8616.039 1791.900
8617.821 1796.800
8619.614 1775.533
8621.420 1805.750
8623.238 1820.233
8625.068 1816.067
8626.910 1805.000
8628.764 1797.400
8630.631 1789.103
8632.511 1767.931
8634.402 1807.233
8636.307 1799.533
8638.224 1804.517
8640.154 1833.931
8642.097 1798.367
8644.053 1802.276
8646.022 1797.357
8648.004 1786.931
8649.999 1807.036
8652.008 768.167
8654.030 0.000
8656.065 0.000
8658.114 0.000
