8096.019 0.000
8098.928 47.000
8101.819 39.536
8104.691 47.179
8107.546 45.310
8110.383 42.724
8113.202 47.276
8116.003 45.759
8118.787 41.759
8121.554 41.690
8124.303 41.310
8127.034 40.296
8129.749 37.607
8132.446 39.148
8135.126 37.393
8137.789 38.414
8140.435 39.071
8143.064 42.821
8145.677 41.714
8148.273 39.966
8150.852 43.828
8153.415 41.296
8155.961 42.679
8158.491 40.704
8161.005 45.000
8163.503 43.724
8165.984 43.862
8168.450 42.357
8170.899 44.172
8173.333 42.690
8175.751 44.111
8178.153 45.429
8180.540 40.828
8182.912 45.379
8185.267 42.852
8187.608 43.931
8189.933 42.357
8192.243 43.357
8194.538 42.759
8196.818 46.286
8199.084 42.000
8201.334 42.929
8203.569 42.321
8205.790 46.966
8207.997 40.828
8210.188 41.966
8212.366 43.552
8214.529 42.643
8216.678 45.000
8218.812 45.655
8220.933 42.393
8223.040 46.586
8225.132 45.138
8227.211 45.296
8229.276 46.414
8231.328 44.310
8233.366 47.964
8235.390 46.552
8237.401 48.552
8239.399 51.759
8241.383 56.926
8243.355 53.828
8245.313 55.966
8247.258 57.074
8249.191 54.357
8251.110 56.103
8253.017 54.172
8254.911 58.214
8256.793 57.310
8258.662 49.926
8260.518 48.214
8262.363 46.345
8264.195 50.444
8266.015 51.517
8267.823 55.759
8269.619 58.448
8271.403 58.655
8273.175 62.276
8274.935 58.519
8276.684 51.741
8278.422 46.679
8280.147 43.185
8281.862 39.714
8283.565 44.931
8285.257 47.207
8286.937 47.259
8288.607 51.519
8290.266 49.793
8291.914 48.828
8293.550 49.000
8295.177 51.103
8296.792 47.000
8298.397 44.034
8299.992 44.429
8301.576 40.000
8303.150 41.393
8304.714 44.464
8306.267 43.857
8307.811 43.893
8309.344 44.207
8310.868 44.828
8312.382 46.037
8313.886 42.621
8315.380 45.333
8316.865 42.655
8318.340 48.552
8319.806 43.345
8321.263 42.862
8322.711 45.069
8324.149 45.714
8325.578 45.034
8326.999 43.345
8328.410 44.414
8329.813 44.379
8331.207 43.345
8332.592 52.276
8333.969 53.000
8335.337 61.857
8336.697 72.586
8338.049 78.714
8339.392 84.276
8340.727 84.276
8342.055 71.321
8343.374 66.714
8344.685 57.615
8345.989 59.586
8347.285 53.429
8348.573 58.724
8349.854 60.552
8351.127 59.966
8352.393 56.321
8353.651 47.207
8354.903 48.552
8356.147 46.571
8357.384 45.069
8358.615 48.310
8359.838 47.759
8361.055 50.786
8362.264 56.000
8363.468 58.593
8364.664 58.679
8365.855 58.643
8367.039 51.179
8368.216 49.536
8369.388 48.276
8370.553 47.345
8371.712 47.483
8372.865 49.107
8374.013 48.172
8375.154 46.000
8376.290 49.379
8377.421 48.759
8378.545 51.241
8379.665 55.483
8380.779 56.321
8381.887 56.750
8382.991 52.929
8384.089 56.759
8385.183 52.103
8386.271 50.414
8387.355 44.483
8388.433 49.897
8389.507 46.862
8390.577 44.222
8391.642 49.552
8392.702 48.852
8393.758 48.931
8394.810 51.172
8395.858 61.857
8396.901 66.931
8397.941 76.037
8398.976 76.963
8400.008 77.464
8401.036 61.500
8402.060 56.069
8403.081 54.483
8404.098 49.621
8405.111 46.759
8406.122 45.379
8407.129 47.207
8408.132 44.393
8409.133 47.207
8410.131 48.138
8411.126 52.759
8412.117 51.069
8413.107 54.931
8414.093 61.036
8415.077 57.690
8416.058 55.345
8417.037 56.179
8418.014 52.793
8418.988 53.138
8419.960 47.607
8420.930 48.071
8421.898 49.276
8422.864 47.250
8423.828 51.286
8424.790 52.172
8425.751 63.931
8426.710 68.000
8427.668 73.593
8428.624 82.793
8429.579 83.207
8430.532 79.138
8431.485 76.179
8432.436 71.379
8433.386 58.103
8434.336 51.897
8435.284 50.448
8436.232 52.429
8437.179 47.759
8438.126 47.464
8439.072 46.607
8440.017 47.034
8440.962 43.931
8441.907 47.448
8442.852 47.172
8443.797 50.071
8444.741 48.034
8445.686 48.552
8446.631 49.889
8447.576 50.750
8448.522 53.852
8449.467 58.963
8450.414 58.000
8451.361 58.778
8452.308 62.750
8453.257 59.333
8454.206 57.379
8455.156 51.414
8456.107 47.643
8457.059 49.897
8458.013 48.704
8458.967 48.517
8459.923 50.966
8460.881 49.690
8461.839 61.931
8462.800 65.552
8463.762 69.310
8464.726 73.759
8465.691 71.259
8466.659 70.690
8467.629 58.786
8468.600 56.571
8469.574 54.000
8470.550 48.286
8471.529 46.862
8472.510 51.214
8473.493 50.793
8474.479 52.828
8475.468 50.241
8476.459 50.250
8477.453 49.556
8478.450 48.586
8479.450 49.724
8480.454 51.483
8481.460 46.704
8482.470 50.828
8483.483 48.690
8484.499 47.931
8485.519 50.345
8486.543 49.857
8487.570 48.519
8488.601 50.286
8489.636 47.222
8490.675 48.750
8491.717 54.000
8492.764 53.310
8493.815 53.103
8494.871 55.966
8495.930 52.793
8496.994 49.414
8498.063 46.966
8499.136 45.222
8500.214 53.862
8501.297 56.138
8502.384 56.828
8503.477 61.750
8504.574 63.966
8505.676 62.207
8506.784 61.138
8507.897 54.143
8509.016 49.793
8510.139 49.750
8511.269 48.107
8512.404 47.464
8513.544 47.357
8514.690 46.483
8515.843 49.759
8517.001 51.966
8518.165 49.000
8519.335 49.821
8520.512 51.862
8521.695 47.966
8522.884 51.143
8524.079 47.931
8525.281 48.483
8526.490 46.750
8527.705 48.750
8528.927 51.897
8530.156 48.966
8531.392 49.069
8532.635 52.185
8533.885 50.621
8535.143 49.714
8536.407 48.690
8537.679 49.000
8538.958 52.893
8540.245 49.333
8541.540 49.821
8542.842 51.107
8544.152 50.259
8545.470 47.552
8546.796 48.607
8548.129 49.759
8549.471 49.276
8550.821 52.414
8552.180 48.241
8553.547 54.586
8554.922 53.621
8556.306 49.828
8557.698 57.852
8559.099 51.759
8560.509 50.185
8561.928 52.724
8563.355 49.586
8564.792 52.034
8566.238 50.379
8567.693 49.966
8569.157 50.179
8570.631 46.286
8572.114 48.586
8573.607 50.966
8575.109 51.138
8576.621 49.517
8578.143 45.607
8579.674 51.214
8581.216 47.138
8582.768 48.704
8584.330 49.071
8585.902 48.286
8587.484 52.885
8589.077 48.690
8590.680 47.345
8592.293 54.556
8593.918 51.690
8595.553 50.000
8597.199 48.964
8598.855 50.655
8600.523 48.483
8602.202 50.621
8603.891 47.655
8605.592 49.429
8607.305 49.414
8609.028 51.571
8610.764 46.036
8612.510 50.310
8614.269 53.107
8616.039 52.793
8617.821 51.857
8619.614 50.862
8621.420 51.483
8623.238 50.179
8625.068 49.815
8626.910 51.207
8628.764 50.379
8630.631 49.000
8632.511 52.241
8634.402 52.483
8636.307 48.276
8638.224 52.931
8640.154 50.034
8642.097 52.517
8644.053 48.517
8646.022 49.172
8648.004 53.897
8649.999 51.483
8652.008 20.517
8654.030 0.000
8656.065 0.000
8658.114 0.000
