8094.215 0.000
8097.517 5.000
8100.796 4.400
8104.052 4.850
8107.285 3.474
8110.494 3.895
8113.681 4.105
8116.845 4.474
8119.987 5.211
8123.106 5.895
8126.202 4.737
8129.276 6.600
8132.328 5.053
8135.358 4.950
8138.366 5.632
8141.352 5.850
8144.317 5.684
8147.260 5.158
8150.181 5.500
8153.081 5.421
8155.960 6.000
8158.818 5.053
8161.655 3.842
8164.471 5.579
8167.266 5.053
8170.041 4.950
8172.795 5.474
8175.528 5.750
8178.242 5.350
8180.935 5.263
8183.608 4.900
8186.261 4.200
8188.895 5.263
8191.508 4.842
8194.103 4.211
8196.677 5.105
8199.233 4.650
8201.769 4.600
8204.286 4.000
8206.784 6.800
8209.263 5.474
8211.724 5.611
8214.166 4.850
8216.589 6.150
8218.994 7.700
8221.381 11.579
8223.749 15.737
8226.100 22.700
8228.432 24.167
8230.747 31.421
8233.044 32.500
8235.324 26.900
8237.586 24.200
8239.831 22.900
8242.059 29.800
8244.269 31.100
8246.463 32.053
8248.640 29.300
8250.800 27.789
8252.943 19.526
8255.070 16.150
8257.180 17.263
8259.275 23.053
8261.353 26.600
8263.415 34.350
8265.461 34.579
8267.491 30.368
8269.506 22.500
8271.505 17.850
8273.489 9.947
8275.458 7.474
8277.411 7.211
8279.349 9.250
8281.272 11.200
8283.181 13.000
8285.074 12.526
8286.953 15.650
8288.818 12.550
8290.668 10.500
8292.504 8.600
8294.326 7.850
8296.134 5.579
8297.928 6.050
8299.708 6.200
8301.474 5.800
8303.227 6.900
8304.967 6.800
8306.693 6.350
8308.406 5.421
8310.106 4.368
8311.793 5.000
8313.468 4.944
8315.129 4.850
8316.778 6.400
8318.414 6.100
8320.039 7.000
8321.650 5.650
8323.250 6.050
8324.838 6.750
8326.414 7.158
8327.978 7.150
8329.530 7.950
8331.071 13.316
8332.601 24.300
8334.119 39.842
8335.626 54.950
8337.122 62.263
8338.607 55.737
8340.081 46.500
8341.545 30.947
8342.998 23.950
8344.440 23.053
8345.872 24.950
8347.294 25.211
8348.706 28.105
8350.108 22.947
8351.500 16.850
8352.882 14.950
8354.255 9.050
8355.618 8.800
8356.971 9.526
8358.316 13.842
8359.651 20.800
8360.977 26.789
8362.294 35.263
8363.603 39.700
8364.903 33.400
8366.194 25.105
8367.477 18.650
8368.751 9.450
8370.017 6.650
8371.275 7.421
8372.525 5.000
8373.767 7.350
8375.002 6.368
8376.229 8.200
8377.448 10.000
8378.660 14.474
8379.865 19.400
8381.062 22.450
8382.253 20.158
8383.437 18.650
8384.613 13.158
8385.783 11.167
8386.947 7.200
8388.104 6.158
8389.255 5.850
8390.399 6.050
8391.538 5.667
8392.671 8.900
8393.797 11.789
8394.918 20.842
8396.033 34.400
8397.143 42.947
8398.248 50.500
8399.347 50.750
8400.441 33.778
8401.530 26.316
8402.614 17.368
8403.694 8.053
8404.768 7.300
8405.838 6.550
8406.904 5.474
8407.965 4.944
8409.023 6.158
8410.076 9.000
8411.125 11.400
8412.170 16.100
8413.212 20.684
8414.250 25.650
8415.284 28.400
8416.315 24.000
8417.343 21.100
8418.368 14.700
8419.390 10.900
8420.409 7.176
8421.425 5.824
8422.438 7.000
8423.449 8.200
8424.457 11.800
8425.463 22.200
8426.467 32.150
8427.469 47.700
8428.469 55.050
8429.467 61.850
8430.464 61.100
8431.459 50.550
8432.452 38.750
8433.444 27.700
8434.435 13.550
8435.424 9.050
8436.413 7.000
8437.400 7.100
8438.387 7.350
8439.374 7.050
8440.360 8.950
8441.345 9.100
8442.330 15.053
8443.315 23.650
8444.300 31.211
8445.285 36.000
8446.270 45.105
8447.255 38.053
8448.241 37.150
8449.227 31.400
8450.214 34.263
8451.202 30.700
8452.191 29.200
8453.180 23.800
8454.171 15.947
8455.163 13.278
8456.156 11.000
8457.151 6.250
8458.148 6.150
8459.146 7.700
8460.146 13.000
8461.148 20.450
8462.152 32.789
8463.158 49.800
8464.167 53.700
8465.178 48.316
8466.191 39.842
8467.208 28.842
8468.226 22.368
8469.248 11.579
8470.273 8.211
8471.301 6.450
8472.333 7.000
8473.367 8.444
8474.405 5.950
8475.447 7.632
8476.493 6.263
8477.542 6.400
8478.595 6.700
8479.653 5.368
8480.714 6.750
8481.780 5.250
8482.850 6.053
8483.925 5.600
8485.005 6.421
8486.089 6.421
8487.178 5.789
8488.273 7.600
8489.372 10.900
8490.477 17.450
8491.587 19.895
8492.702 22.211
8493.824 21.474
8494.951 16.211
8496.083 13.650
8497.222 8.895
8498.367 9.368
8499.518 10.211
8500.676 11.947
8501.839 17.278
8503.010 25.895
8504.187 34.350
8505.371 36.053
8506.562 29.200
8507.760 19.400
8508.965 14.450
8510.177 8.900
8511.397 6.400
8512.624 5.789
8513.859 6.650
8515.101 4.800
8516.352 5.944
8517.610 5.550
8518.877 6.950
8520.151 7.105
8521.434 7.550
8522.726 7.550
8524.026 8.150
8525.335 7.053
8526.653 7.105
8527.979 6.579
8529.315 4.842
8530.660 5.300
8532.014 5.250
8533.377 5.950
8534.750 6.474
8536.133 6.350
8537.525 6.421
8538.927 6.600
8540.340 9.900
8541.762 10.263
8543.195 14.900
8544.638 12.421
8546.091 12.900
8547.555 11.350
8549.030 7.895
8550.515 6.722
8552.012 10.000
8553.519 13.950
8555.038 18.684
8556.568 20.895
8558.110 19.316
8559.663 14.350
8561.227 9.300
8562.804 8.250
8564.392 5.550
8565.992 6.050
8567.605 6.950
8569.229 6.200
8570.866 5.263
8572.516 5.050
8574.178 5.200
8575.853 5.150
8577.540 6.421
8579.241 4.842
8580.955 6.950
8582.681 5.500
8584.422 4.611
8586.175 5.632
8587.942 6.000
8589.723 5.650
8591.518 6.250
8593.326 6.000
8595.149 6.579
8596.985 6.200
8598.836 7.850
8600.701 6.000
8602.581 4.889
8604.475 6.222
8606.384 5.850
8608.308 4.474
8610.247 7.250
8612.201 7.900
8614.170 9.700
8616.155 9.700
8618.155 9.211
8620.170 7.947
8622.201 7.833
8624.248 7.526
8626.311 8.550
8628.390 10.579
8630.485 14.100
8632.596 12.158
8634.724 9.200
8636.868 9.211
8639.029 7.389
8641.206 8.300
8643.400 7.750
8645.612 6.100
8647.840 6.895
8650.086 7.263
8652.349 8.350
8654.629 7.900
8656.927 8.350
8659.243 8.167
8661.576 10.263
8663.927 11.600
8666.297 13.900
8668.684 12.550
8671.090 14.684
8673.514 14.950
8675.957 13.900
8678.418 7.947
8680.899 8.105
8683.397 0.294
8685.915 0.000
8688.452 0.000
8691.009 0.000
8693.584 0.000
8696.179 0.000
8698.794 0.000
8701.428 0.000
8704.082 0.000
8706.757 0.000
8709.451 0.000
8712.165 0.000
8714.899 0.000
8717.654 0.000
8720.430 0.000
8723.226 0.000
8726.043 0.000
8728.881 0.000
8731.739 0.000
8734.619 0.000
8737.520 0.000
8740.443 0.000
