8094.215 0.000
8097.517 615.478
8100.796 618.238
8104.052 608.000
8107.285 633.190
8110.494 620.571
8113.681 620.870
8116.845 616.870
8119.987 610.652
8123.106 622.864
8126.202 612.652
8129.276 615.136
8132.328 618.727
8135.358 617.091
8138.366 616.826
8141.352 622.043
8144.317 622.261
8147.260 617.409
8150.181 629.818
8153.081 624.000
8155.960 627.091
8158.818 626.682
8161.655 631.522
8164.471 613.913
8167.266 624.304
8170.041 627.857
8172.795 626.818
8175.528 623.913
8178.242 635.043
8180.935 624.783
8183.608 622.870
8186.261 634.087
8188.895 638.435
8191.508 629.130
8194.103 632.696
8196.677 627.818
8199.233 631.174
8201.769 625.870
8204.286 622.739
8206.784 633.955
8209.263 625.095
8211.724 619.826
8214.166 627.000
8216.589 632.682
8218.994 621.478
8221.381 637.810
8223.749 646.565
8226.100 641.826
8228.432 641.522
8230.747 645.727
8233.044 655.227
8235.324 658.565
8237.586 665.087
8239.831 653.261
8242.059 651.000
8244.269 669.870
8246.463 668.435
8248.640 649.409
8250.800 646.348
8252.943 641.818
8255.070 660.478
8257.180 643.727
8259.275 650.087
8261.353 659.682
8263.415 662.652
8265.461 662.087
8267.491 661.045
8269.506 660.000
8271.505 648.545
8273.489 651.000
8275.458 641.304
8277.411 637.565
8279.349 642.864
8281.272 643.000
8283.181 645.826
8285.074 654.739
8286.953 653.818
8288.818 650.174
8290.668 655.913
8292.504 658.435
8294.326 651.696
8296.134 652.636
8297.928 643.739
8299.708 646.435
8301.474 649.391
8303.227 652.348
8304.967 644.565
8306.693 636.957
8308.406 657.227
8310.106 656.522
8311.793 665.591
8313.468 641.043
8315.129 645.870
8316.778 644.522
8318.414 657.652
8320.039 637.609
8321.650 648.909
8323.250 650.565
8324.838 654.667
8326.414 665.091
8327.978 653.652
8329.530 647.087
8331.071 658.087
8332.601 658.524
8334.119 691.000
8335.626 696.136
8337.122 708.636
8338.607 703.318
8340.081 685.091
8341.545 682.304
8342.998 666.261
8344.440 665.409
8345.872 676.261
8347.294 686.000
8348.706 665.318
8350.108 670.261
8351.500 676.091
8352.882 671.238
8354.255 659.591
8355.618 659.565
8356.971 667.435
8358.316 671.435
8359.651 667.087
8360.977 682.333
8362.294 666.909
8363.603 682.652
8364.903 685.609
8366.194 684.273
8367.477 668.864
8368.751 665.478
8370.017 663.391
8371.275 664.905
8372.525 655.381
8373.767 659.217
8375.002 671.348
8376.229 672.391
8377.448 677.000
8378.660 667.522
8379.865 683.045
8381.062 679.304
8382.253 681.304
8383.437 685.391
8384.613 682.000
8385.783 670.091
8386.947 664.174
8388.104 666.048
8389.255 666.826
8390.399 679.435
8391.538 669.261
8392.671 676.870
8393.797 678.565
8394.918 685.261
8396.033 692.304
8397.143 712.000
8398.248 719.217
8399.347 705.773
8400.441 718.087
8401.530 715.227
8402.614 687.783
8403.694 670.435
8404.768 672.174
8405.838 680.864
8406.904 676.130
8407.965 666.826
8409.023 685.864
8410.076 677.409
8411.125 675.818
8412.170 693.818
8413.212 708.000
8414.250 690.045
8415.284 689.261
8416.315 703.409
8417.343 693.545
8418.368 692.826
8419.390 682.261
8420.409 677.739
8421.425 694.364
8422.438 684.636
8423.449 684.818
8424.457 681.826
8425.463 698.174
8426.467 715.174
8427.469 713.000
8428.469 723.913
8429.467 744.682
8430.464 735.727
8431.459 723.565
8432.452 710.304
8433.444 695.609
8434.435 689.000
8435.424 684.174
8436.413 688.565
8437.400 672.000
8438.387 692.000
8439.374 675.545
8440.360 691.182
8441.345 696.000
8442.330 675.714
8443.315 696.818
8444.300 706.609
8445.285 707.913
8446.270 688.727
8447.255 703.522
8448.241 700.174
8449.227 713.136
8450.214 705.957
8451.202 716.913
8452.191 710.909
8453.180 714.909
8454.171 702.818
8455.163 701.435
8456.156 701.591
8457.151 696.783
8458.148 690.609
8459.146 692.304
8460.146 698.864
8461.148 708.391
8462.152 710.000
8463.158 731.478
8464.167 735.696
8465.178 734.565
8466.191 720.455
8467.208 718.000
8468.226 716.304
8469.248 711.304
8470.273 695.087
8471.301 691.636
8472.333 713.174
8473.367 687.652
8474.405 693.348
8475.447 679.696
8476.493 692.391
8477.542 692.227
8478.595 688.217
8479.653 692.476
8480.714 699.955
8481.780 687.636
8482.850 702.045
8483.925 678.609
8485.005 691.810
8486.089 690.273
8487.178 693.727
8488.273 691.500
8489.372 693.136
8490.477 698.273
8491.587 701.217
8492.702 714.000
8493.824 711.273
8494.951 705.227
8496.083 707.478
8497.222 701.174
8498.367 703.000
8499.518 704.636
8500.676 707.273
8501.839 709.565
8503.010 725.682
8504.187 726.273
8505.371 734.000
8506.562 725.909
8507.760 720.870
8508.965 700.130
8510.177 707.478
8511.397 699.318
8512.624 699.727
8513.859 694.000
8515.101 693.870
8516.352 690.870
8517.610 694.043
8518.877 708.591
8520.151 697.864
8521.434 697.957
8522.726 691.609
8524.026 697.826
8525.335 712.130
8526.653 706.391
8527.979 696.652
8529.315 705.565
8530.660 707.273
8532.014 696.000
8533.377 699.136
8534.750 701.870
8536.133 694.783
8537.525 703.261
8538.927 708.000
8540.340 719.000
8541.762 700.696
8543.195 707.087
8544.638 709.864
8546.091 709.087
8547.555 693.391
8549.030 708.826
8550.515 702.870
8552.012 702.435
8553.519 704.913
8555.038 703.609
8556.568 711.130
8558.110 705.957
8559.663 710.952
8561.227 696.261
8562.804 716.348
8564.392 698.043
8565.992 709.391
8567.605 707.304
8569.229 700.130
8570.866 698.435
8572.516 690.050
8574.178 708.091
8575.853 698.783
8577.540 695.333
8579.241 690.591
8580.955 694.217
8582.681 694.227
8584.422 698.591
8586.175 702.476
8587.942 703.818
8589.723 692.913
8591.518 698.522
8593.326 706.522
8595.149 700.043
8596.985 692.304
8598.836 689.348
8600.701 699.130
8602.581 698.391
8604.475 701.609
8606.384 686.762
8608.308 704.818
8610.247 694.545
8612.201 696.045
8614.170 699.739
8616.155 691.522
8618.155 694.130
8620.170 692.696
8622.201 699.304
8624.248 713.783
8626.311 712.571
8628.390 695.591
8630.485 697.913
8632.596 700.182
8634.724 707.130
8636.868 695.087
8639.029 706.739
8641.206 708.455
8643.400 702.909
8645.612 706.273
8647.840 688.130
8650.086 698.087
8652.349 686.957
8654.629 693.609
8656.927 702.783
8659.243 686.636
8661.576 692.478
8663.927 701.696
8666.297 700.455
8668.684 693.348
8671.090 694.739
8673.514 691.381
8675.957 693.304
8678.418 698.591
8680.899 690.762
8683.397 341.261
8685.915 0.000
8688.452 0.000
8691.009 0.000
8693.584 0.000
8696.179 0.000
8698.794 0.000
8701.428 0.000
8704.082 0.000
8706.757 0.000
8709.451 0.000
8712.165 0.000
8714.899 0.000
8717.654 0.000
8720.430 0.000
8723.226 0.000
8726.043 0.000
8728.881 0.000
8731.739 0.000
8734.619 0.000
8737.520 0.000
8740.443 0.000
