8285.0	0
8286.107894736842	5
8287.215789473685	4.4
8288.323684210527	4.85
8289.431578947368	3.473684210526316
8290.53947368421	3.8947368421052633
8291.647368421052	4.105263157894737
8292.755263157895	4.473684210526316
8293.863157894737	5.2105263157894735
8294.97105263158	5.894736842105263
8296.078947368422	4.7368421052631575
8297.186842105262	6.6
8298.294736842105	5.052631578947368
8299.402631578947	4.95
8300.51052631579	5.631578947368421
8301.618421052632	5.85
8302.726315789474	5.684210526315789
8303.834210526316	5.157894736842105
8304.942105263159	5.5
8306.05	5.421052631578948
8307.157894736842	6
8308.265789473684	5.052631578947368
8309.373684210526	3.8421052631578947
8310.481578947369	5.578947368421052
8311.589473684211	5.052631578947368
8312.697368421053	4.95
8313.805263157894	5.473684210526316
8314.913157894736	5.75
8316.021052631579	5.35
8317.128947368421	5.2631578947368425
8318.236842105263	4.9
8319.344736842106	4.2
8320.452631578948	5.2631578947368425
8321.560526315789	4.842105263157895
8322.668421052631	4.2105263157894735
8323.776315789473	5.105263157894737
8324.884210526316	4.65
8325.992105263158	4.6
8327.1	4
8328.207894736843	6.8
8329.315789473685	5.473684210526316
8330.423684210526	5.611111111111111
8331.531578947368	4.85
8332.63947368421	6.15
8333.747368421053	7.7
8334.855263157895	11.578947368421053
8335.963157894737	15.736842105263158
8337.07105263158	22.7
8338.17894736842	24.166666666666668
8339.286842105263	31.42105263157895
8340.394736842105	32.5
8341.502631578947	26.9
8342.61052631579	24.2
8343.718421052632	22.9
8344.826315789474	29.8
8345.934210526315	31.1
8347.042105263157	32.05263157894737
8348.15	29.3
8349.257894736842	27.789473684210527
8350.365789473684	19.526315789473685
8351.473684210527	16.15
8352.581578947369	17.263157894736842
8353.689473684211	23.05263157894737
8354.797368421052	26.6
8355.905263157894	34.35
8357.013157894737	34.578947368421055
8358.121052631579	30.36842105263158
8359.228947368421	22.5
8360.336842105264	17.85
8361.444736842106	9.947368421052632
8362.552631578947	7.473684210526316
8363.660526315789	7.2105263157894735
8364.768421052631	9.25
8365.876315789474	11.2
8366.984210526316	13
8368.092105263158	12.526315789473685
8369.2	15.65
8370.307894736841	12.55
8371.415789473684	10.5
8372.523684210526	8.6
8373.631578947368	7.85
8374.73947368421	5.578947368421052
8375.847368421053	6.05
8376.955263157895	6.2
8378.063157894738	5.8
8379.171052631578	6.9
8380.27894736842	6.8
8381.386842105263	6.35
8382.494736842105	5.421052631578948
8383.602631578948	4.368421052631579
8384.71052631579	5
8385.818421052632	4.944444444444445
8386.926315789473	4.85
8388.034210526315	6.4
8389.142105263158	6.1
8390.25	7
8391.357894736842	5.65
8392.465789473685	6.05
8393.573684210527	6.75
8394.681578947368	7.157894736842105
8395.78947368421	7.15
8396.897368421052	7.95
8398.005263157895	13.31578947368421
8399.113157894737	24.3
8400.22105263158	39.8421052631579
8401.328947368422	54.95
8402.436842105262	62.26315789473684
8403.544736842105	55.73684210526316
8404.652631578947	46.5
8405.76052631579	30.94736842105263
8406.868421052632	23.95
8407.976315789474	23.05263157894737
8409.084210526316	24.95
8410.192105263159	25.210526315789473
8411.3	28.105263157894736
8412.407894736842	22.94736842105263
8413.515789473684	16.85
8414.623684210526	14.95
8415.731578947369	9.05
8416.839473684211	8.8
8417.947368421053	9.526315789473685
8419.055263157894	13.842105263157896
8420.163157894736	20.8
8421.271052631579	26.789473684210527
8422.378947368421	35.26315789473684
8423.486842105263	39.7
8424.594736842106	33.4
8425.702631578948	25.105263157894736
8426.810526315789	18.65
8427.918421052631	9.45
8429.026315789473	6.65
8430.134210526316	7.421052631578948
8431.242105263158	5
8432.35	7.35
8433.457894736843	6.368421052631579
8434.565789473685	8.2
8435.673684210526	10
8436.781578947368	14.473684210526315
8437.88947368421	19.4
8438.997368421053	22.45
8440.105263157895	20.157894736842106
8441.213157894737	18.65
8442.32105263158	13.157894736842104
8443.42894736842	11.166666666666666
8444.536842105263	7.2
8445.644736842105	6.157894736842105
8446.752631578947	5.85
8447.86052631579	6.05
8448.968421052632	5.666666666666667
8450.076315789474	8.9
8451.184210526315	11.789473684210526
8452.292105263157	20.842105263157894
8453.4	34.4
8454.507894736842	42.94736842105263
8455.615789473684	50.5
8456.723684210527	50.75
8457.831578947369	33.77777777777778
8458.939473684211	26.31578947368421
8460.047368421052	17.36842105263158
8461.155263157894	8.052631578947368
8462.263157894737	7.3
8463.371052631579	6.55
8464.478947368421	5.473684210526316
8465.586842105264	4.944444444444445
8466.694736842106	6.157894736842105
8467.802631578947	9
8468.910526315789	11.4
8470.018421052631	16.1
8471.126315789474	20.68421052631579
8472.234210526316	25.65
8473.342105263158	28.4
8474.45	24
8475.557894736841	21.1
8476.665789473684	14.7
8477.773684210526	10.9
8478.881578947368	7.176470588235294
8479.98947368421	5.823529411764706
8481.097368421053	7
8482.205263157895	8.2
8483.313157894736	11.8
8484.421052631578	22.2
8485.52894736842	32.15
8486.636842105263	47.7
8487.744736842105	55.05
8488.852631578948	61.85
8489.96052631579	61.1
8491.068421052632	50.55
8492.176315789473	38.75
8493.284210526315	27.7
8494.392105263158	13.55
8495.5	9.05
8496.607894736842	7
8497.715789473685	7.1
8498.823684210527	7.35
8499.931578947368	7.05
8501.03947368421	8.95
8502.147368421052	9.1
8503.255263157895	15.052631578947368
8504.363157894737	23.65
8505.47105263158	31.210526315789473
8506.578947368422	36
8507.686842105264	45.10526315789474
8508.794736842105	38.05263157894737
8509.902631578947	37.15
8511.01052631579	31.4
8512.118421052632	34.26315789473684
8513.226315789474	30.7
8514.334210526316	29.2
8515.442105263159	23.8
8516.55	15.947368421052632
8517.657894736842	13.277777777777779
8518.765789473684	11
8519.873684210526	6.25
8520.981578947369	6.15
8522.089473684211	7.7
8523.197368421053	13
8524.305263157894	20.45
8525.413157894736	32.78947368421053
8526.521052631579	49.8
8527.628947368421	53.7
8528.736842105263	48.31578947368421
8529.844736842106	39.8421052631579
8530.952631578948	28.842105263157894
8532.060526315789	22.36842105263158
8533.168421052631	11.578947368421053
8534.276315789473	8.210526315789474
8535.384210526316	6.45
8536.492105263158	7
8537.6	8.444444444444445
8538.707894736843	5.95
8539.815789473685	7.631578947368421
8540.923684210526	6.2631578947368425
8542.031578947368	6.4
8543.13947368421	6.7
8544.247368421053	5.368421052631579
8545.355263157895	6.75
8546.463157894737	5.25
8547.57105263158	6.052631578947368
8548.67894736842	5.6
8549.786842105263	6.421052631578948
8550.894736842105	6.421052631578948
8552.002631578947	5.7894736842105265
8553.11052631579	7.6
8554.218421052632	10.9
8555.326315789474	17.45
8556.434210526315	19.894736842105264
8557.542105263157	22.210526315789473
8558.65	21.473684210526315
8559.757894736842	16.210526315789473
8560.865789473684	13.65
8561.973684210527	8.894736842105264
8563.081578947369	9.368421052631579
8564.189473684211	10.210526315789474
8565.297368421052	11.947368421052632
8566.405263157894	17.27777777777778
8567.513157894737	25.894736842105264
8568.621052631579	34.35
8569.728947368421	36.05263157894737
8570.836842105264	29.2
8571.944736842106	19.4
8573.052631578947	14.45
8574.160526315789	8.9
8575.268421052631	6.4
8576.376315789474	5.7894736842105265
8577.484210526316	6.65
8578.592105263158	4.8
8579.7	5.944444444444445
8580.807894736841	5.55
8581.915789473684	6.95
8583.023684210526	7.105263157894737
8584.131578947368	7.55
8585.23947368421	7.55
8586.347368421053	8.15
8587.455263157895	7.052631578947368
8588.563157894736	7.105263157894737
8589.671052631578	6.578947368421052
8590.77894736842	4.842105263157895
8591.886842105263	5.3
8592.994736842105	5.25
8594.102631578948	5.95
8595.21052631579	6.473684210526316
8596.318421052632	6.35
8597.426315789473	6.421052631578948
8598.534210526315	6.6
8599.642105263158	9.9
8600.75	10.263157894736842
8601.857894736842	14.9
8602.965789473685	12.421052631578947
8604.073684210527	12.9
8605.181578947368	11.35
8606.28947368421	7.894736842105263
8607.397368421052	6.722222222222222
8608.505263157895	10
8609.613157894737	13.95
8610.72105263158	18.68421052631579
8611.828947368422	20.894736842105264
8612.936842105264	19.31578947368421
8614.044736842105	14.35
8615.152631578947	9.3
8616.26052631579	8.25
8617.368421052632	5.55
8618.476315789474	6.05
8619.584210526316	6.95
8620.692105263159	6.2
8621.8	5.2631578947368425
8622.907894736842	5.05
8624.015789473684	5.2
8625.123684210526	5.15
8626.231578947369	6.421052631578948
8627.339473684211	4.842105263157895
8628.447368421053	6.95
8629.555263157894	5.5
8630.663157894736	4.611111111111111
8631.771052631579	5.631578947368421
8632.878947368421	6
8633.986842105263	5.65
8635.094736842106	6.25
8636.202631578948	6
8637.310526315789	6.578947368421052
8638.418421052631	6.2
8639.526315789473	7.85
8640.634210526316	6
8641.742105263158	4.888888888888889
8642.85	6.222222222222222
8643.957894736843	5.85
8645.065789473685	4.473684210526316
8646.173684210526	7.25
8647.281578947368	7.9
8648.38947368421	9.7
8649.497368421053	9.7
8650.605263157895	9.210526315789474
8651.713157894737	7.947368421052632
8652.82105263158	7.833333333333333
8653.92894736842	7.526315789473684
8655.036842105263	8.55
8656.144736842105	10.578947368421053
8657.252631578947	14.1
8658.36052631579	12.157894736842104
8659.468421052632	9.2
8660.576315789474	9.210526315789474
8661.684210526315	7.388888888888889
8662.792105263157	8.3
8663.9	7.75
8665.007894736842	6.1
8666.115789473684	6.894736842105263
8667.223684210527	7.2631578947368425
8668.331578947369	8.35
8669.439473684211	7.9
8670.547368421052	8.35
8671.655263157894	8.166666666666666
8672.763157894737	10.263157894736842
8673.871052631579	11.6
8674.978947368421	13.9
8676.086842105264	12.55
8677.194736842106	14.68421052631579
8678.302631578947	14.95
8679.410526315789	13.9
8680.518421052631	7.947368421052632
8681.626315789474	8.105263157894736
8682.734210526316	0.29411764705882354
8683.842105263158	0
8684.95	0
8686.057894736841	0
8687.165789473684	0
8688.273684210526	0
8689.381578947368	0
8690.48947368421	0
8691.597368421053	0
8692.705263157895	0
8693.813157894736	0
8694.921052631578	0
8696.02894736842	0
8697.136842105263	0
8698.244736842105	0
8699.352631578948	0
8700.46052631579	0
8701.568421052632	0
8702.676315789473	0
8703.784210526315	0
8704.892105263158	0
8706.0	0
